0.18,280
0.174,280
0.191,280
0.144,280
0.135,280
0.198,280
0.179,280
0.133,280
0.134,280
0.154,280
0.141,280
0.164,280
0.161,280
0.179,280
0.185,280
0.178,280
0.146,280
0.181,280
0.146,280
0.147,280
0.134,280
0.146,280
0.136,280
0.134,280
0.146,280
0.139,280
0.165,280
0.134,280
0.134,280
5.744,280
0.144,280
0.147,280
0.148,280
0.163,280
0.139,280
0.133,280
0.148,280
5.713,280
0.145,280
6.001,280
0.152,280
5.861,280
0.141,280
0.138,280
0.194,280
5.884,280
5.795,280
5.899,280
0.162,280
5.996,280
5.618,280
0.169,280
0.152,280
0.133,280
0.153,280
0.157,280
5.957,280
5.868,280
0.148,280
0.149,280
0.153,280
7.855,280
6.781,280
6.763,280
0.14,280
7.145,280
6.465,280
7.218,280
0.2,280
0.134,280
6.707,280
5.738,280
9.888,280
0.152,280
0.153,280
5.952,280
6.327,280
0.152,280
7.416,280
7.086,280
0.152,280
6.25,280
6.771,280
6.369,280
0.206,280
7.417,280
6.162,280
5.922,280
0.152,280
8.508,280
8.217,280
9.943,280
6.046,280
6.547,280
7.644,280
0.152,280
8.274,280
0.149,280
7.636,280
6.738,280
0.152,280
6.909,280
6.048,280
8.034,280
6.541,280
0.148,280
0.153,280
8.296,280
7.277,280
0.148,280
6.504,280
6.881,280
6.321,280
8.913,280
6.654,280
6.54,280
0.159,280
6.719,280
8.196,280
11.965,280
7.174,280
7.439,280
0.158,280
9.02,280
0.148,280
9.511,280
7.043,280
6.475,280
7.493,280
7.251,280
6.712,280
9.063,280
6.177,280
9.091,280
6.671,280
8.414,280
0.165,280
8.661,280
6.747,280
0.16,280
5.904,280
6.714,280
0.148,280
9.732,280
9.428,280
5.821,280
6.66,280
0.157,280
8.196,280
6.028,280
7.898,280
0.159,280
9.901,280
6.622,280
9.506,280
7.206,280
8.531,280
8.127,280
10.771,280
8.224,280
8.668,280
14.165,280
6.222,280
7.768,280
6.471,280
8.938,280
7.775,280
6.522,280
6.43,280
7.844,280
6.517,280
0.136,280
6.896,280
0.168,280
8.941,280
8.714,280
6.435,280
10.767,280
6.36,280
0.166,280
8.307,280
8.982,280
8.766,280
9.749,280
6.575,280
10.51,280
8.623,280
6.994,280
8.238,280
8.765,280
7.245,280
11.658,280
6.534,280
0.142,280
8.792,280
0.164,280
5.763,280
9.432,280
0.165,280
6.163,280
7.862,280
0.313,280
0.179,280
0.166,280
0.189,280
0.181,280
0.183,280
0.172,280
0.179,280
0.255,280
0.19,280
0.185,280
0.193,280
0.242,280
0.339,280
0.174,280
0.191,280
0.148,280
0.177,280
0.165,280
0.407,280
0.183,280
0.204,280
0.187,280
0.183,280
0.185,280
0.191,280
0.181,280
0.234,280
0.201,280
0.358,280
0.21,280
7.915,280
0.325,280
0.183,280
11.99,280
9.198,280
0.341,280
0.18,280
0.348,280
0.185,280
0.192,280
0.172,280
0.188,280
0.202,280
0.199,280
0.231,280
0.185,280
0.233,280
0.194,280
0.222,280
0.313,280
0.192,280
0.196,280
0.19,280
0.257,280
0.226,280
0.198,280
0.416,280
0.186,280
0.213,280
0.177,280
0.183,280
0.194,280
0.189,280
0.191,280
0.177,280
0.194,280
0.184,280
0.185,280
0.197,280
0.182,280
0.221,280
0.192,280
0.189,280
0.199,280
0.232,280
0.187,280
0.19,280
0.316,280
0.18,280
0.187,280
0.237,280
0.274,280
0.189,280
0.179,280
0.179,280
0.368,280
0.049,280
0.181,280
0.185,280
0.189,280
0.189,280
0.181,280
0.197,280
0.183,280
0.186,280
0.2,280
0.188,280
8.659,280
0.088,280
0.077,280
11.102,280
0.083,280
