0.075,280
0.073,280
0.07,280
0.066,280
0.088,280
0.065,280
0.07,280
0.091,280
0.065,280
0.071,280
0.065,280
0.071,280
0.069,280
0.07,280
0.069,280
0.077,280
0.076,280
0.069,280
0.069,280
0.068,280
0.074,280
0.069,280
0.079,280
0.076,280
0.076,280
0.072,280
0.07,280
0.07,280
0.067,280
0.07,280
0.072,280
0.089,280
0.074,280
0.068,280
0.074,280
0.081,280
0.069,280
0.079,280
0.072,280
0.072,280
0.086,280
0.07,280
0.099,280
0.068,280
0.363,280
0.076,280
0.073,280
0.07,280
0.07,280
0.072,280
0.081,280
0.064,280
0.076,280
0.069,280
0.072,280
0.075,280
0.082,280
0.073,280
0.086,280
0.07,280
0.072,280
0.069,280
0.072,280
0.091,280
0.07,280
0.072,280
0.07,280
0.076,280
0.069,280
0.071,280
0.072,280
0.089,280
0.076,280
0.075,280
0.112,280
0.07,280
0.084,280
0.078,280
0.073,280
0.068,280
0.077,280
0.084,280
0.073,280
0.067,280
0.128,280
0.074,280
0.081,280
0.072,280
0.08,280
0.081,280
0.078,280
0.082,280
0.071,280
0.07,280
0.072,280
0.071,280
0.075,280
0.082,280
0.071,280
0.1,280
0.074,280
0.076,280
0.072,280
0.08,280
0.076,280
0.072,280
0.084,280
0.068,280
0.074,280
0.082,280
0.075,280
0.074,280
0.073,280
0.095,280
0.072,280
0.075,280
0.099,280
0.073,280
0.084,280
0.073,280
0.086,280
0.069,280
0.072,280
0.074,280
0.07,280
0.091,280
0.077,280
0.072,280
0.076,280
0.069,280
0.092,280
0.086,280
0.07,280
0.075,280
0.075,280
0.086,280
0.072,280
0.07,280
0.08,280
0.074,280
0.07,280
0.089,280
0.071,280
0.073,280
0.071,280
0.073,280
0.075,280
0.092,280
0.073,280
0.089,280
0.117,280
0.08,280
0.072,280
0.083,280
0.074,280
0.078,280
0.091,280
0.075,280
0.081,280
0.074,280
0.075,280
0.067,280
0.072,280
0.077,280
0.073,280
0.078,280
0.074,280
0.075,280
0.097,280
0.086,280
0.085,280
0.075,280
0.082,280
0.074,280
0.076,280
0.075,280
0.079,280
0.079,280
0.095,280
0.071,280
0.085,280
0.081,280
0.074,280
0.081,280
0.079,280
0.076,280
0.075,280
0.077,280
0.084,280
0.079,280
0.086,280
0.071,280
0.072,280
0.07,280
0.067,280
0.08,280
0.084,280
0.079,280
0.082,280
0.075,280
0.079,280
0.081,280
0.071,280
0.073,280
0.072,280
0.076,280
0.078,280
0.085,280
0.07,280
0.075,280
0.073,280
0.075,280
0.075,280
0.075,280
0.558,280
0.07,280
0.077,280
0.072,280
0.086,280
0.071,280
0.081,280
0.085,280
0.098,280
0.073,280
0.09,280
0.072,280
0.072,280
0.136,280
0.261,280
0.078,280
0.073,280
0.083,280
0.097,280
0.073,280
0.072,280
0.087,280
0.087,280
0.075,280
0.074,280
0.073,280
0.075,280
0.076,280
0.079,280
0.076,280
0.083,280
0.078,280
0.089,280
0.078,280
0.08,280
0.089,280
0.121,280
0.076,280
0.088,280
0.074,280
0.081,280
0.07,280
0.077,280
0.077,280
0.074,280
0.075,280
0.085,280
0.096,280
0.072,280
0.073,280
0.114,280
0.069,280
0.074,280
0.075,280
0.075,280
0.07,280
0.078,280
0.075,280
0.076,280
0.092,280
0.073,280
0.074,280
0.083,280
0.077,280
0.102,280
0.096,280
0.073,280
0.073,280
0.077,280
0.077,280
0.082,280
0.076,280
0.081,280
0.19,280
0.097,280
0.116,280
0.075,280
0.079,280
0.081,280
0.074,280
0.089,280
0.08,280
0.078,280
0.084,280
0.077,280
0.073,280
0.085,280
0.081,280
0.088,280
0.075,280
0.085,280
0.065,280
0.071,280
0.071,280
0.08,280
0.072,280
0.088,280
0.076,280
0.114,280
0.072,280
0.076,280
0.098,280
0.074,280
0.075,280
0.086,280
0.07,280
0.085,280
0.071,280
0.086,280
0.074,280
0.086,280
0.089,280
0.074,280
0.086,280
0.072,280
0.096,280
0.099,280
0.109,280
0.074,280
0.131,280
0.081,280
0.117,280
0.073,280
0.072,280
0.098,280
0.101,280
0.095,280
0.085,280
0.073,280
0.07,280
0.079,280
0.076,280
0.076,280
0.078,280
0.079,280
0.077,280
0.079,280
0.077,280
0.088,280
0.075,280
0.078,280
0.078,280
0.087,280
0.082,280
0.077,280
0.084,280
0.072,280
0.078,280
0.072,280
0.077,280
0.075,280
0.079,280
0.08,280
0.084,280
0.087,280
0.073,280
0.082,280
0.087,280
0.077,280
0.083,280
0.075,280
0.077,280
0.072,280
0.089,280
0.071,280
0.077,280
0.09,280
0.091,280
0.086,280
0.111,280
0.099,280
0.082,280
0.074,280
0.076,280
0.091,280
0.072,280
0.091,280
0.078,280
0.212,280
0.085,280
0.081,280
0.075,280
0.084,280
0.076,280
0.205,280
0.087,280
0.074,280
0.077,280
0.075,280
0.079,280
0.089,280
0.088,280
0.082,280
0.087,280
0.083,280
0.079,280
0.08,280
0.074,280
0.074,280
0.088,280
0.083,280
0.081,280
0.09,280
0.08,280
0.083,280
0.077,280
0.083,280
0.079,280
0.079,280
0.079,280
0.079,280
0.083,280
0.08,280
0.097,280
0.075,280
0.081,280
0.076,280
0.08,280
0.103,280
0.086,280
0.087,280
0.078,280
0.094,280
0.08,280
0.086,280
0.081,280
0.077,280
0.074,280
0.079,280
0.09,280
0.079,280
0.084,280
0.073,280
0.085,280
0.078,280
0.073,280
0.073,280
0.073,280
0.078,280
0.087,280
0.086,280
0.076,280
0.117,280
0.077,280
0.091,280
0.078,280
0.081,280
0.074,280
0.094,280
0.114,280
0.078,280
0.081,280
0.095,280
0.088,280
0.077,280
0.084,280
0.075,280
0.074,280
0.074,280
0.092,280
0.092,280
0.08,280
0.097,280
0.085,280
0.078,280
0.075,280
0.079,280
0.08,280
0.091,280
0.087,280
0.089,280
0.081,280
0.079,280
0.078,280
0.088,280
0.098,280
0.086,280
0.08,280
0.09,280
0.081,280
0.078,280
0.091,280
0.086,280
0.081,280
0.087,280
0.082,280
0.078,280
0.075,280
0.073,280
0.082,280
0.074,280
0.075,280
0.076,280
0.087,280
0.077,280
0.089,280
0.085,280
0.074,280
0.074,280
0.073,280
0.078,280
0.095,280
0.097,280
0.08,280
0.076,280
0.092,280
0.081,280
0.086,280
0.099,280
0.074,280
0.075,280
0.079,280
0.074,280
0.076,280
0.091,280
0.079,280
0.079,280
0.076,280
0.079,280
0.086,280
0.09,280
0.087,280
0.085,280
0.084,280
0.076,280
0.075,280
0.077,280
0.078,280
0.076,280
0.081,280
0.086,280
0.076,280
0.085,280
0.084,280
0.076,280
0.079,280
0.092,280
0.075,280
0.131,280
0.072,280
0.079,280
0.098,280
0.077,280
0.093,280
0.09,280
0.084,280
0.075,280
0.078,280
0.082,280
0.076,280
0.082,280
0.075,280
0.078,280
0.096,280
0.079,280
0.092,280
0.077,280
0.078,280
0.078,280
0.075,280
0.083,280
0.074,280
0.077,280
0.073,280
0.076,280
0.081,280
0.075,280
0.079,280
0.083,280
0.08,280
0.073,280
0.081,280
0.074,280
0.341,280
0.073,280
0.076,280
0.085,280
0.074,280
0.077,280
0.089,280
0.077,280
0.078,280
0.077,280
0.083,280
0.092,280
0.074,280
0.088,280
0.075,280
0.074,280
0.077,280
0.074,280
0.091,280
0.084,280
0.083,280
0.082,280
0.079,280
0.078,280
0.071,280
0.079,280
0.078,280
0.088,280
0.079,280
0.085,280
0.072,280
0.103,280
0.079,280
0.08,280
0.076,280
0.073,280
0.076,280
0.086,280
0.072,280
0.07,280
0.098,280
0.08,280
0.076,280
0.083,280
0.079,280
0.077,280
0.091,280
0.097,280
0.092,280
0.1,280
0.079,280
0.075,280
0.075,280
0.08,280
0.087,280
0.089,280
0.083,280
0.077,280
0.077,280
0.075,280
0.083,280
0.095,280
0.083,280
0.082,280
0.087,280
0.076,280
0.079,280
0.073,280
0.121,280
0.074,280
0.076,280
0.118,280
0.083,280
0.083,280
0.076,280
0.08,280
0.085,280
0.075,280
0.08,280
0.086,280
0.074,280
0.076,280
0.076,280
0.071,280
0.089,280
0.082,280
0.077,280
0.078,280
0.073,280
0.076,280
0.088,280
0.071,280
0.089,280
0.077,280
0.087,280
0.074,280
0.074,280
0.089,280
0.078,280
0.079,280
0.077,280
0.079,280
0.079,280
0.072,280
0.08,280
0.096,280
0.079,280
0.076,280
0.071,280
0.079,280
0.075,280
0.084,280
0.076,280
0.092,280
0.086,280
0.082,280
0.09,280
0.086,280
0.075,280
0.082,280
0.074,280
0.074,280
0.084,280
0.08,280
0.076,280
0.083,280
0.086,280
0.074,280
0.076,280
0.082,280
0.081,280
0.094,280
0.075,280
0.073,280
0.076,280
0.078,280
0.074,280
0.076,280
0.074,280
0.075,280
0.078,280
0.079,280
0.078,280
0.071,280
0.086,280
0.095,280
0.077,280
0.077,280
0.076,280
0.077,280
0.084,280
0.077,280
0.074,280
0.079,280
0.072,280
0.08,280
0.078,280
0.08,280
0.077,280
0.091,280
0.073,280
0.082,280
0.078,280
0.078,280
0.077,280
0.077,280
0.087,280
0.078,280
0.078,280
0.082,280
0.099,280
0.08,280
0.082,280
0.085,280
0.077,280
0.076,280
0.076,280
0.085,280
0.083,280
0.088,280
0.083,280
0.084,280
0.082,280
0.073,280
0.081,280
0.076,280
0.071,280
0.083,280
0.078,280
0.092,280
0.078,280
0.086,280
0.077,280
0.079,280
0.083,280
0.082,280
0.091,280
0.073,280
0.08,280
0.077,280
0.07,280
0.083,280
0.075,280
0.087,280
0.073,280
0.088,280
0.091,280
0.132,280
0.085,280
0.074,280
0.075,280
0.076,280
0.069,280
0.078,280
0.072,280
0.095,280
0.085,280
0.074,280
0.08,280
0.131,280
0.079,280
0.091,280
0.092,280
0.076,280
0.094,280
0.083,280
0.08,280
0.092,280
0.076,280
0.077,280
0.091,280
0.078,280
0.085,280
0.128,280
0.08,280
0.08,280
0.075,280
0.081,280
0.092,280
0.08,280
0.186,280
0.081,280
0.081,280
0.077,280
0.086,280
0.081,280
0.078,280
0.074,280
0.091,280
0.076,280
0.085,280
0.119,280
0.076,280
0.079,280
0.077,280
0.079,280
0.078,280
0.077,280
0.082,280
0.077,280
0.076,280
0.096,280
0.075,280
0.11,280
0.074,280
0.079,280
0.088,280
0.085,280
0.078,280
0.083,280
0.076,280
0.089,280
0.077,280
0.073,280
0.085,280
0.078,280
0.075,280
0.086,280
0.081,280
0.075,280
0.094,280
0.095,280
0.083,280
0.077,280
0.072,280
0.078,280
0.078,280
0.08,280
0.075,280
0.07,280
0.076,280
0.079,280
0.098,280
0.079,280
0.097,280
0.073,280
0.105,280
0.074,280
0.086,280
0.081,280
0.076,280
0.08,280
0.087,280
0.081,280
0.098,280
0.076,280
0.074,280
0.089,280
0.077,280
0.076,280
0.079,280
0.085,280
0.085,280
0.085,280
0.079,280
0.084,280
0.079,280
0.079,280
0.077,280
0.076,280
0.081,280
0.081,280
0.079,280
0.074,280
0.083,280
0.078,280
0.087,280
0.094,280
0.076,280
0.076,280
0.073,280
0.078,280
0.09,280
0.079,280
0.082,280
0.097,280
0.077,280
0.077,280
0.078,280
0.077,280
0.086,280
0.076,280
0.09,280
0.076,280
0.078,280
0.079,280
0.079,280
0.097,280
0.083,280
0.087,280
0.078,280
0.081,280
0.085,280
0.076,280
0.075,280
0.078,280
0.077,280
0.074,280
0.075,280
0.095,280
0.083,280
0.082,280
0.192,280
0.075,280
0.083,280
0.078,280
0.088,280
0.074,280
0.088,280
0.076,280
0.08,280
0.075,280
0.078,280
0.072,280
0.086,280
0.081,280
0.08,280
0.088,280
0.088,280
0.076,280
0.077,280
0.078,280
0.076,280
0.083,280
0.081,280
0.079,280
0.09,280
0.08,280
0.073,280
0.098,280
0.087,280
0.095,280
0.08,280
0.111,280
0.076,280
0.078,280
0.079,280
0.081,280
0.077,280
0.071,280
0.079,280
0.087,280
0.083,280
0.077,280
0.076,280
0.081,280
0.081,280
0.074,280
0.077,280
0.081,280
0.076,280
0.085,280
0.08,280
0.077,280
0.072,280
0.081,280
0.081,280
0.082,280
0.086,280
0.085,280
0.077,280
0.087,280
0.081,280
0.094,280
0.074,280
0.076,280
0.084,280
0.087,280
0.078,280
0.078,280
0.072,280
