7.15 1
2.75 4
5.15 2
7.3 2
6.5 1
6.4 2
7.6 4
6.2 2
6.1 1
6.0 2
8.15 13
7.8 6
0.45 1381
4.35 1
10.0 1
10.3 1
1.15 55
10.6 1
1.85 9
2.85 3
2.15 6
9.45 1
5.55 4
3.65 1
0.55 242
8.65 6
3.55 3
1.05 61
4.75 6
8.95 8
7.1 2
7.95 16
2.25 5
5.45 1
9.35 1
6.65 1
7.5 1
3.15 6
3.6 5
3.7 2
2.9 4
3.5 4
3.2 2
3.3 3
3.0 3
3.1 3
2.3 7
2.2 9
2.1 4
2.0 3
2.7 7
2.6 5
2.5 4
3.9 3
2.35 6
7.9 10
0.25 19639
1.75 10
5.65 2
7.85 5
1.95 5
8.45 5
9.25 3
6.75 2
3.05 7
5.35 3
10.2 2
2.8 3
3.95 3
4.65 2
0.35 16201
1.65 11
4.3 1
4.95 3
1.4 22
8.55 15
1.5 16
9.15 3
5.25 2
4.15 1
8.1 13
8.0 20
8.3 10
8.2 12
8.5 8
8.4 10
2.55 4
8.6 9
8.9 5
8.8 9
7.35 1
0.05 2
9.8 1
0.85 30
9.4 1
9.5 1
0.95 63
9.7 3
9.0 5
9.1 3
9.2 3
1.8 9
1.55 14
9.05 3
6.15 1
1.9 9
0.15 3841
8.25 7
4.45 6
2.45 4
8.7 8
6.85 1
2.65 4
3.4 4
3.35 2
1.45 22
0.9 46
0.8 48
1.6 10
1.7 11
1.0 54
1.1 70
1.2 53
1.3 24
0.1 2076
0.3 16102
0.2 5639
0.5 431
0.4 5874
0.7 83
0.6 156
4.55 2
8.35 8
0.65 87
5.05 3
9.75 1
7.7 1
5.0 4
5.1 2
4.7 1
4.6 3
5.4 6
4.0 2
5.6 2
4.2 3
5.8 3
5.9 3
4.9 3
4.8 4
7.75 1
3.25 1
3.8 3
2.4 2
1.35 23
4.5 2
3.45 2
10.45 1
4.4 3
5.2 1
8.85 8
0.75 75
8.05 13
4.1 1
5.95 1
5.75 5
8.75 11
5.5 5
2.95 1
6.95 2
4.25 4
5.7 2
5.85 2
6.25 1
2.05 6
1.25 34
