66.2 1
66.3 1
67.5 1
1.0 2
1.1 1
66.5 1
0.1 2
72.55 1
0.3 429
0.2 2
0.5 11
0.4 248
0.7 4
0.6 2
70.85 1
56.35 1
69.05 1
69.85 1
2.0 1
71.5 1
67.2 1
63.5 1
73.0 1
66.05 2
0.45 54
74.5 1
73.1 1
0.25 87
1.3 1
76.15 1
62.65 1
75.0 1
72.45 1
80.25 1
76.0 1
73.3 1
67.15 1
1.55 1
77.5 1
0.95 1
78.25 1
71.35 1
71.1 2
71.7 1
71.4 1
78.05 1
60.65 1
72.2 1
67.55 1
68.85 1
61.45 2
80.3 1
72.65 1
85.9 1
75.35 1
0.55 2
80.55 1
63.1 1
1.05 2
66.15 1
65.35 2
78.4 1
76.65 1
0.35 415
88.8 1
70.95 2
76.05 1
65.4 1
1.65 2
65.1 1
88.05 1
1.45 1
62.45 1
60.7 1
83.05 1
74.85 1
79.45 1
