25.35 7
61.85 1
26.3 3
25.85 2
18.25 19
24.8 6
16.55 30
20.55 7
15.65 29
15.75 26
18.55 20
21.25 9
14.55 43
175.7 1
19.65 10
26.65 3
13.75 19
22.55 11
27.95 1
17.25 25
23.65 4
16.7 29
16.6 30
16.5 37
16.4 44
16.3 44
16.2 47
16.1 34
16.0 42
26.1 9
39.65 1
16.9 22
16.8 26
27.75 1
25.25 5
24.3 6
58.85 1
65.0 1
23.55 7
63.0 1
125.75 1
16.45 27
20.65 11
26.9 5
26.6 2
26.7 1
26.4 2
26.5 2
26.2 2
28.9 2
26.0 4
14.45 32
14.5 43
14.4 23
14.7 35
14.6 35
14.1 11
14.0 14
14.3 30
14.2 24
24.4 2
24.5 3
13.45 7
24.7 5
24.0 8
15.4 20
24.2 6
17.35 17
22.2 5
22.3 6
22.0 6
22.1 4
22.6 8
22.7 9
22.4 7
22.5 10
22.8 10
22.9 7
24.6 6
14.75 41
27.65 2
23.95 9
30.65 1
64.65 1
22.25 9
17.85 26
14.8 20
25.55 6
17.05 24
70.4 1
23.45 13
27.1 1
19.95 17
18.45 16
15.05 18
21.45 8
16.35 34
20.1 12
20.2 10
20.3 15
20.4 17
20.5 9
20.6 10
20.7 8
19.85 22
20.9 11
26.45 3
13.55 14
22.35 6
19.05 14
29.55 1
68.75 1
27.0 2
24.55 5
24.45 5
62.5 1
27.05 1
21.5 13
21.75 6
28.55 1
14.65 45
22.85 11
20.95 17
17.95 13
27.2 2
22.05 6
23.25 7
27.7 1
17.15 27
27.5 2
19.35 14
184.2 1
27.9 2
28.75 1
20.05 14
18.75 17
15.15 18
23.35 8
25.0 3
25.3 4
16.25 26
25.5 7
25.4 6
25.7 4
25.6 2
25.9 6
25.8 2
21.2 9
26.55 2
23.7 6
23.6 6
23.5 4
23.4 11
15.85 30
23.2 10
23.1 5
23.0 4
51.45 1
24.65 4
23.9 6
23.8 8
21.55 10
18.65 28
15.25 19
21.65 13
13.85 28
19.5 12
14.95 24
27.15 1
22.95 8
134.1 1
28.95 1
14.15 21
31.05 1
22.15 10
25.75 4
20.35 19
65.35 1
16.95 36
20.15 16
17.65 19
21.4 5
21.7 8
21.6 8
21.1 11
21.0 11
16.15 32
24.35 10
20.75 7
18.05 17
21.9 11
21.8 15
21.3 9
17.3 19
24.9 5
20.85 10
31.85 1
19.25 18
15.95 33
14.9 20
13.35 2
24.75 6
24.05 11
25.1 7
20.25 10
21.85 7
18.15 18
15.35 22
26.85 1
26.15 5
19.1 12
13.95 23
14.85 35
27.35 1
21.15 10
26.25 4
25.2 6
25.45 5
25.65 6
28.2 2
28.3 2
28.5 2
28.6 1
22.65 4
17.75 22
22.45 9
23.15 7
58.2 1
16.05 43
18.95 12
17.1 24
18.9 11
18.8 17
71.6 1
24.1 3
16.85 20
15.9 26
18.1 24
18.0 21
18.3 19
26.35 4
18.5 16
18.4 21
18.7 20
18.6 14
19.4 11
23.85 7
19.6 17
19.7 16
19.0 14
14.35 33
19.2 10
19.3 20
30.2 1
24.95 6
18.2 13
19.8 15
19.9 9
24.25 10
15.45 24
21.05 17
68.1 2
13.8 27
13.9 23
13.6 17
13.7 22
13.4 3
13.5 4
25.15 2
24.85 4
22.75 9
27.85 1
17.45 17
37.15 1
23.05 10
28.25 1
16.75 32
18.85 16
17.2 26
21.95 8
17.0 22
19.15 13
17.6 14
17.7 15
17.4 19
17.5 18
23.3 5
17.8 19
17.9 20
19.45 12
221.85 1
26.05 9
19.75 20
20.0 13
24.15 4
58.65 1
18.35 18
28.1 1
20.45 10
15.55 18
21.35 9
29.5 1
14.25 27
29.0 1
25.05 2
15.0 20
15.1 21
15.2 21
15.3 20
13.65 16
15.5 25
15.6 32
15.7 28
15.8 29
17.55 14
23.75 7
16.65 24
20.8 10
14.05 19
25.95 1
64.8 1
26.95 1
19.55 10
