0.259,280
0.212,280
0.179,280
0.148,280
0.142,280
0.149,280
0.159,280
0.135,280
0.184,280
0.186,280
0.138,280
0.147,280
0.146,280
0.185,280
0.145,280
0.141,280
0.149,280
0.146,280
0.148,280
0.145,280
0.132,280
0.147,280
0.149,280
0.148,280
0.152,280
0.147,280
0.136,280
0.147,280
0.149,280
0.137,280
0.149,280
0.15,280
0.148,280
0.134,280
0.144,280
0.163,280
0.146,280
0.147,280
0.147,280
0.148,280
0.136,280
0.143,280
0.147,280
0.147,280
0.135,280
0.146,280
0.147,280
0.148,280
0.146,280
0.147,280
0.178,280
0.146,280
0.137,280
0.152,280
0.16,280
0.15,280
0.143,280
0.147,280
0.147,280
0.136,280
0.147,280
0.15,280
7.409,280
0.155,280
0.159,280
0.166,280
0.139,280
6.127,280
0.144,280
0.15,280
0.168,280
6.745,280
7.311,280
0.177,280
0.158,280
7.002,280
6.802,280
0.152,280
0.151,280
0.166,280
0.19,280
0.187,280
7.187,280
0.175,280
0.169,280
7.613,280
0.152,280
0.158,280
0.169,280
6.073,280
0.168,280
7.429,280
0.157,280
7.119,280
0.171,280
0.184,280
0.15,280
0.189,280
0.229,280
7.315,280
0.158,280
6.833,280
7.425,280
7.599,280
7.358,280
0.157,280
0.161,280
6.775,280
7.275,280
0.186,280
11.181,280
0.166,280
7.148,280
6.792,280
0.167,280
7.251,280
0.165,280
6.531,280
6.767,280
6.838,280
7.232,280
7.099,280
0.152,280
7.5,280
0.197,280
7.011,280
6.851,280
0.147,280
6.81,280
6.861,280
6.911,280
7.535,280
6.868,280
7.161,280
7.009,280
6.287,280
0.175,280
9.422,280
7.811,280
0.15,280
7.578,280
0.215,280
0.179,280
0.142,280
0.167,280
6.486,280
7.243,280
0.177,280
0.172,280
6.946,280
16.048,280
0.152,280
7.587,280
6.945,280
0.15,280
6.496,280
6.873,280
6.617,280
7.327,280
6.543,280
6.262,280
6.523,280
8.141,280
0.163,280
6.658,280
7.677,280
8.619,280
6.657,280
7.282,280
7.978,280
0.173,280
0.185,280
6.637,280
0.134,280
8.002,280
6.682,280
0.157,280
7.197,280
0.171,280
0.189,280
7.737,280
7.813,280
10.857,280
8.085,280
6.738,280
8.698,280
5.852,280
0.176,280
7.705,280
7.379,280
10.046,280
5.971,280
11.213,280
0.171,280
6.193,280
0.179,280
7.965,280
7.554,280
0.166,280
7.203,280
7.626,280
0.318,280
0.19,280
0.178,280
0.193,280
0.183,280
0.185,280
0.19,280
0.289,280
0.188,280
0.185,280
0.188,280
0.183,280
0.182,280
0.172,280
0.162,280
0.19,280
0.19,280
0.178,280
0.229,280
0.245,280
0.188,280
0.168,280
0.181,280
0.187,280
0.184,280
0.173,280
0.191,280
0.249,280
0.181,280
0.177,280
0.188,280
0.34,280
0.183,280
0.197,280
0.184,280
0.232,280
0.24,280
0.206,280
0.228,280
0.181,280
0.162,280
0.18,280
0.19,280
0.187,280
0.201,280
0.191,280
0.177,280
0.192,280
0.188,280
0.185,280
0.191,280
0.189,280
0.173,280
0.187,280
0.184,280
0.192,280
0.185,280
0.183,280
0.183,280
0.188,280
0.181,280
0.187,280
0.192,280
0.192,280
