0.042,280
0.039,280
0.04,280
0.036,280
0.039,280
0.039,280
0.043,280
0.047,280
0.035,280
0.036,280
0.038,280
0.043,280
0.037,280
0.037,280
0.04,280
0.042,280
0.039,280
0.041,280
0.039,280
0.04,280
0.038,280
0.039,280
0.042,280
0.039,280
0.042,280
0.038,280
0.036,280
0.044,280
0.039,280
0.036,280
0.039,280
0.037,280
0.038,280
0.04,280
0.038,280
0.04,280
0.041,280
0.039,280
0.052,280
0.041,280
0.046,280
0.036,280
0.036,280
0.038,280
0.041,280
0.038,280
0.036,280
0.043,280
0.034,280
0.041,280
0.04,280
0.037,280
0.038,280
0.044,280
0.042,280
0.038,280
0.049,280
0.038,280
0.042,280
0.04,280
0.045,280
0.038,280
0.055,280
0.042,280
0.04,280
0.049,280
0.072,280
0.038,280
0.047,280
0.044,280
0.046,280
0.036,280
0.04,280
0.047,280
0.04,280
0.044,280
0.062,280
0.042,280
0.041,280
0.042,280
0.042,280
0.048,280
