0.063,280
0.306,280
0.338,280
0.25,280
0.33,280
0.26,280
0.391,280
0.315,280
0.299,280
0.326,280
0.287,280
0.287,280
0.359,280
0.299,280
0.273,280
0.239,280
0.299,280
0.236,280
0.303,280
0.343,280
0.418,280
0.282,280
0.268,280
75.963,280
0.375,280
0.313,280
0.684,280
0.457,280
0.444,280
0.247,280
1.972,280
0.355,280
0.395,280
0.236,280
0.358,280
0.362,280
0.276,280
0.295,280
0.35,280
0.291,280
0.314,280
0.322,280
0.366,280
76.15,280
0.371,280
0.307,280
0.335,280
0.348,280
0.395,280
0.246,280
0.389,280
0.336,280
0.954,280
0.268,280
0.359,280
0.338,280
0.264,280
0.293,280
0.412,280
0.305,280
0.347,280
0.326,280
0.362,280
74.971,280
0.352,280
0.291,280
0.321,280
0.288,280
0.369,280
0.256,280
0.328,280
0.354,280
0.391,280
0.257,280
0.346,280
0.316,280
0.263,280
0.365,280
0.395,280
0.347,280
0.298,280
0.345,280
0.357,280
70.923,280
0.346,280
0.307,280
0.406,280
0.307,280
0.402,280
0.293,280
0.343,280
0.358,280
0.488,280
0.257,280
0.375,280
0.355,280
0.31,280
0.655,280
0.369,280
0.298,280
0.326,280
0.344,280
0.367,280
66.183,280
0.374,280
0.308,280
0.361,280
0.332,280
0.394,280
0.261,280
0.377,280
0.333,280
0.396,280
0.263,280
0.347,280
0.333,280
0.269,280
0.288,280
0.373,280
0.349,280
0.339,280
0.337,280
0.357,280
69.002,280
0.344,280
0.304,280
0.343,280
0.312,280
1.442,280
0.264,280
0.37,280
0.356,280
0.41,280
0.252,280
0.35,280
0.381,280
0.269,280
0.318,280
0.373,280
0.28,280
0.335,280
0.354,280
0.359,280
65.343,280
0.375,280
0.319,280
0.335,280
0.316,280
0.415,280
0.249,280
0.345,280
0.352,280
0.398,280
0.256,280
0.345,280
0.347,280
0.303,280
0.294,280
0.393,280
0.278,280
0.327,280
0.343,280
0.341,280
67.468,280
0.362,280
0.291,280
0.329,280
0.316,280
0.399,280
0.261,280
0.34,280
0.347,280
0.446,280
0.274,280
0.349,280
0.335,280
0.296,280
0.3,280
0.381,280
0.292,280
0.331,280
0.346,280
0.34,280
66.008,280
0.365,280
0.397,280
0.341,280
0.304,280
0.42,280
0.252,280
0.336,280
0.351,280
0.378,280
0.258,280
0.365,280
0.362,280
0.279,280
0.304,280
0.419,280
0.316,280
0.35,280
0.363,280
0.367,280
71.671,280
0.368,280
0.265,280
0.338,280
0.302,280
0.418,280
0.26,280
0.338,280
0.353,280
0.349,280
0.273,280
0.365,280
0.363,280
0.263,280
0.289,280
0.379,280
0.28,280
0.313,280
0.331,280
0.327,280
62.43,280
0.431,280
0.305,280
0.334,280
0.298,280
0.388,280
0.255,280
0.344,280
0.351,280
0.418,280
0.272,280
0.299,280
0.335,280
0.257,280
0.276,280
0.426,280
0.285,280
0.339,280
0.356,280
0.346,280
66.469,280
0.347,280
0.303,280
0.344,280
0.293,280
0.391,280
0.241,280
0.343,280
0.363,280
0.455,280
0.254,280
0.373,280
0.293,280
0.276,280
0.279,280
0.423,280
0.293,280
0.342,280
0.343,280
0.379,280
66.273,280
0.367,280
1.03,280
0.69,280
0.266,280
0.407,280
0.266,280
0.364,280
0.353,280
0.416,280
0.266,280
0.343,280
0.304,280
0.26,280
0.295,280
0.374,280
0.294,280
0.372,280
0.337,280
0.345,280
66.016,280
0.36,280
0.307,280
0.344,280
0.321,280
0.394,280
0.248,280
0.354,280
0.333,280
0.357,280
0.262,280
0.304,280
0.339,280
0.282,280
0.286,280
0.375,280
0.283,280
0.329,280
0.399,280
0.36,280
65.305,280
0.47,280
0.315,280
0.332,280
0.328,280
1.633,280
0.261,280
0.398,280
0.346,280
0.404,280
0.26,280
0.346,280
0.341,280
0.258,280
0.285,280
0.363,280
0.295,280
0.328,280
0.348,280
0.346,280
71.333,280
0.355,280
0.334,280
0.371,280
0.329,280
0.436,280
0.27,280
0.321,280
0.351,280
0.416,280
0.229,280
0.361,280
0.346,280
0.289,280
0.297,280
0.424,280
0.284,280
0.327,280
0.363,280
0.358,280
65.087,280
0.366,280
0.317,280
0.357,280
0.337,280
0.398,280
0.247,280
0.331,280
0.336,280
0.442,280
0.254,280
0.33,280
0.331,280
0.269,280
0.281,280
0.36,280
0.296,280
0.339,280
0.34,280
0.391,280
66.107,280
0.352,280
0.301,280
0.32,280
0.292,280
0.376,280
0.241,280
0.318,280
0.365,280
0.383,280
0.264,280
0.347,280
0.313,280
0.255,280
0.365,280
0.34,280
0.29,280
0.333,280
0.325,280
0.337,280
67.54,280
0.355,280
0.296,280
0.328,280
0.37,280
0.401,280
1.011,280
0.429,280
0.352,280
0.432,280
0.273,280
0.371,280
0.325,280
0.257,280
0.293,280
0.349,280
0.289,280
0.344,280
0.353,280
0.353,280
65.379,280
0.353,280
0.335,280
0.317,280
0.284,280
0.379,280
0.233,280
0.328,280
0.356,280
0.392,280
0.253,280
0.346,280
0.332,280
0.293,280
0.295,280
0.347,280
0.295,280
0.326,280
0.411,280
0.34,280
56.329,280
0.295,280
0.333,280
0.23,280
0.342,280
0.266,280
0.384,280
0.234,280
0.285,280
0.272,280
0.291,280
0.29,280
0.358,280
0.267,280
0.258,280
0.227,280
0.315,280
0.227,280
0.266,280
0.316,280
0.386,280
0.274,280
0.26,280
68.81,280
0.314,280
0.373,280
0.34,280
0.284,280
0.297,280
0.272,280
0.348,280
0.502,280
0.346,280
0.297,280
0.309,280
0.455,280
0.316,280
0.305,280
0.372,280
0.28,280
0.217,280
0.259,280
0.264,280
0.288,280
0.282,280
71.375,280
0.289,280
0.34,280
0.341,280
0.244,280
0.279,280
0.275,280
0.339,280
0.36,280
0.408,280
0.335,280
0.306,280
1.266,280
0.282,280
0.305,280
0.351,280
0.274,280
0.198,280
0.251,280
0.253,280
0.352,280
0.279,280
70.95,280
0.312,280
0.329,280
0.352,280
0.256,280
0.282,280
0.272,280
0.337,280
0.356,280
0.367,280
0.361,280
0.32,280
0.352,280
0.3,280
0.268,280
0.355,280
0.308,280
0.224,280
0.274,280
0.281,280
0.318,280
0.318,280
80.515,280
0.287,280
0.357,280
0.312,280
0.238,280
0.266,280
0.268,280
0.341,280
0.386,280
0.347,280
0.316,280
0.297,280
0.286,280
0.275,280
0.259,280
0.333,280
0.275,280
0.239,280
0.248,280
0.266,280
0.296,280
0.311,280
60.631,280
0.347,280
0.318,280
0.317,280
0.235,280
0.256,280
0.272,280
0.34,280
0.376,280
0.365,280
0.326,280
0.287,280
0.341,280
0.271,280
0.277,280
0.384,280
0.331,280
0.23,280
0.263,280
0.264,280
0.293,280
0.306,280
77.454,280
0.292,280
0.328,280
0.318,280
0.236,280
0.258,280
0.271,280
0.409,280
0.372,280
0.353,280
0.325,280
0.283,280
0.321,280
0.267,280
0.282,280
0.347,280
0.301,280
0.239,280
0.264,280
0.456,280
0.289,280
0.302,280
73.287,280
0.354,280
0.349,280
0.337,280
0.255,280
0.351,280
0.289,280
0.334,280
0.405,280
0.381,280
0.332,280
0.307,280
0.345,280
0.33,280
0.275,280
0.353,280
0.308,280
0.259,280
0.274,280
0.293,280
0.385,280
0.309,280
83.01,280
0.35,280
0.351,280
0.33,280
0.242,280
0.264,280
0.257,280
0.342,280
0.376,280
0.386,280
0.337,280
0.302,280
0.334,280
0.269,280
0.27,280
0.349,280
0.278,280
0.234,280
0.272,280
0.329,280
0.305,280
0.291,280
71.067,280
0.296,280
0.353,280
0.316,280
0.235,280
0.258,280
0.265,280
0.346,280
0.39,280
0.35,280
0.342,280
0.288,280
0.329,280
0.265,280
0.274,280
0.342,280
0.321,280
0.234,280
0.286,280
0.272,280
0.326,280
0.33,280
78.354,280
0.3,280
0.34,280
0.344,280
0.248,280
0.286,280
0.285,280
0.343,280
0.388,280
0.371,280
0.328,280
0.397,280
0.353,280
0.28,280
0.295,280
0.354,280
0.576,280
0.245,280
0.295,280
0.285,280
0.319,280
0.309,280
75.336,280
0.307,280
0.376,280
0.361,280
0.257,280
0.307,280
0.281,280
0.335,280
0.414,280
0.426,280
0.321,280
0.286,280
0.376,280
0.262,280
0.257,280
0.355,280
0.301,280
0.233,280
0.28,280
0.293,280
0.401,280
0.31,280
60.668,280
0.3,280
0.322,280
0.327,280
0.692,280
0.273,280
0.268,280
0.34,280
0.449,280
0.402,280
0.335,280
0.286,280
0.347,280
0.306,280
0.261,280
0.336,280
0.313,280
0.234,280
0.481,280
0.283,280
0.296,280
0.302,280
61.429,280
0.076,280
0.303,280
0.331,280
0.344,280
0.254,280
0.28,280
0.34,280
0.436,280
0.396,280
0.412,280
0.345,280
0.317,280
0.345,280
0.285,280
0.24,280
0.36,280
0.307,280
0.266,280
0.278,280
0.287,280
0.332,280
0.313,280
79.446,280
0.315,280
0.333,280
0.341,280
0.242,280
0.334,280
0.275,280
0.354,280
0.397,280
0.373,280
0.353,280
0.308,280
0.39,280
0.291,280
0.289,280
0.342,280
0.309,280
0.229,280
0.33,280
0.278,280
0.304,280
0.306,280
80.242,280
0.318,280
0.332,280
0.351,280
0.25,280
0.435,280
0.289,280
0.378,280
0.4,280
0.392,280
0.385,280
0.312,280
0.334,280
0.316,280
0.276,280
0.356,280
0.32,280
1.093,280
0.238,280
0.248,280
0.33,280
0.303,280
72.637,280
0.365,280
0.345,280
0.349,280
0.243,280
0.272,280
0.304,280
0.336,280
0.404,280
0.374,280
0.314,280
0.293,280
0.34,280
0.324,280
0.267,280
0.345,280
0.299,280
0.217,280
0.271,280
0.283,280
0.303,280
0.363,280
67.109,280
0.29,280
0.317,280
0.234,280
0.291,280
0.271,280
0.444,280
0.271,280
0.293,280
0.279,280
0.35,280
0.387,280
0.353,280
0.27,280
0.263,280
0.251,280
0.29,280
0.231,280
0.268,280
0.422,280
0.384,280
0.277,280
0.253,280
74.816,280
0.314,280
0.316,280
0.246,280
0.408,280
0.249,280
0.383,280
0.289,280
0.292,280
0.289,280
0.298,280
0.302,280
0.291,280
0.264,280
0.268,280
0.259,280
0.211,280
0.396,280
0.274,280
0.315,280
0.304,280
0.377,280
0.266,280
74.473,280
0.318,280
0.307,280
0.233,280
0.386,280
0.599,280
0.354,280
0.347,280
0.471,280
0.309,280
0.448,280
0.27,280
0.317,280
0.246,280
0.256,280
0.257,280
0.24,280
0.39,280
0.295,280
0.337,280
0.32,280
0.239,280
0.26,280
85.86,280
0.289,280
0.26,280
0.25,280
0.406,280
0.279,280
0.366,280
0.333,280
0.308,280
0.308,280
0.295,280
0.3,280
0.291,280
0.247,280
0.257,280
0.269,280
0.244,280
0.382,280
0.275,280
0.308,280
0.303,280
0.26,280
0.28,280
76.041,280
0.357,280
0.275,280
0.234,280
0.415,280
0.235,280
0.37,280
0.341,280
0.309,280
0.309,280
0.306,280
0.353,280
0.281,280
0.265,280
0.257,280
0.306,280
0.234,280
0.396,280
0.271,280
0.324,280
0.363,280
0.272,280
0.268,280
73.068,280
0.311,280
0.278,280
0.251,280
0.386,280
1.538,280
0.384,280
0.338,280
0.293,280
0.266,280
0.301,280
0.314,280
0.3,280
0.26,280
0.268,280
0.318,280
0.248,280
0.464,280
0.267,280
0.307,280
0.304,280
0.273,280
0.257,280
72.977,280
0.301,280
0.283,280
0.244,280
0.388,280
0.241,280
0.367,280
0.334,280
0.312,280
0.304,280
0.311,280
0.329,280
0.285,280
0.248,280
0.252,280
0.254,280
0.26,280
0.389,280
0.289,280
0.316,280
0.326,280
0.281,280
0.27,280
70.847,280
0.371,280
0.269,280
0.236,280
0.497,280
0.225,280
0.354,280
0.339,280
0.323,280
0.303,280
0.318,280
0.308,280
0.273,280
0.232,280
0.25,280
0.255,280
0.231,280
0.365,280
0.246,280
0.33,280
0.3,280
0.279,280
0.289,280
71.096,280
0.309,280
0.283,280
0.29,280
0.402,280
0.271,280
0.363,280
0.339,280
0.41,280
0.319,280
0.299,280
0.31,280
0.333,280
0.225,280
0.278,280
0.279,280
0.279,280
0.395,280
0.274,280
0.32,280
0.313,280
0.274,280
0.303,280
78.248,280
0.285,280
0.267,280
0.258,280
0.429,280
0.262,280
0.408,280
0.358,280
0.301,280
0.309,280
0.283,280
0.293,280
0.302,280
0.237,280
0.259,280
0.257,280
0.254,280
0.408,280
0.288,280
0.317,280
0.312,280
0.261,280
0.268,280
88.047,280
0.318,280
0.275,280
0.255,280
0.402,280
0.264,280
0.37,280
0.339,280
0.334,280
0.295,280
0.362,280
0.302,280
0.298,280
0.256,280
0.254,280
0.278,280
0.243,280
0.395,280
0.286,280
0.323,280
0.317,280
0.275,280
0.274,280
88.791,280
0.303,280
0.273,280
0.251,280
0.398,280
0.267,280
0.365,280
0.335,280
0.313,280
0.289,280
0.305,280
0.303,280
0.291,280
0.265,280
0.293,280
0.263,280
0.261,280
0.397,280
0.286,280
0.349,280
0.314,280
0.277,280
0.272,280
78.025,280
0.288,280
0.316,280
0.231,280
0.289,280
0.265,280
0.392,280
0.26,280
0.313,280
0.29,280
0.296,280
0.332,280
0.348,280
0.233,280
0.264,280
0.214,280
0.282,280
0.341,280
0.297,280
0.321,280
0.386,280
0.289,280
0.263,280
72.504,280
0.292,280
0.352,280
0.363,280
0.267,280
0.286,280
0.255,280
0.263,280
0.372,280
0.438,280
0.38,280
0.341,280
0.326,280
0.289,280
0.422,280
0.328,280
0.346,280
0.305,280
0.376,280
0.234,280
0.268,280
72.174,280
0.292,280
0.349,280
0.358,280
0.283,280
0.29,280
0.256,280
0.314,280
0.342,280
0.369,280
0.37,280
0.289,280
0.324,280
0.293,280
0.359,280
0.309,280
0.342,280
0.377,280
0.365,280
0.234,280
0.257,280
63.451,280
0.279,280
0.357,280
0.342,280
0.261,280
0.264,280
0.261,280
0.26,280
0.344,280
0.366,280
0.32,280
0.321,280
0.297,280
0.289,280
0.368,280
0.329,280
0.35,280
0.248,280
0.378,280
0.24,280
0.255,280
69.832,280
0.281,280
0.341,280
0.348,280
0.259,280
0.271,280
0.247,280
0.255,280
0.344,280
0.375,280
0.361,280
0.298,280
0.317,280
0.294,280
0.371,280
0.317,280
0.354,280
0.293,280
0.371,280
0.958,280
0.257,280
67.16,280
0.298,280
0.338,280
0.349,280
0.261,280
0.26,280
0.286,280
0.26,280
0.346,280
0.371,280
0.375,280
0.362,280
0.313,280
0.29,280
0.371,280
0.354,280
0.348,280
0.255,280
0.362,280
0.233,280
0.253,280
72.432,280
0.274,280
0.341,280
0.343,280
0.27,280
0.307,280
0.269,280
0.266,280
0.397,280
0.35,280
0.381,280
0.299,280
0.325,280
0.3,280
0.371,280
0.318,280
0.338,280
0.254,280
0.379,280
0.273,280
0.278,280
76.618,280
0.278,280
0.347,280
0.343,280
0.27,280
0.28,280
0.262,280
0.269,280
0.323,280
0.364,280
0.366,280
0.292,280
0.324,280
0.267,280
0.378,280
0.305,280
0.315,280
0.257,280
0.341,280
0.198,280
0.258,280
62.622,280
0.274,280
0.343,280
0.344,280
0.258,280
0.254,280
0.257,280
0.276,280
0.515,280
0.455,280
0.353,280
0.288,280
0.311,280
0.33,280
0.37,280
0.324,280
0.333,280
0.249,280
0.358,280
0.237,280
0.282,280
63.07,280
0.277,280
0.383,280
0.349,280
0.265,280
0.322,280
0.264,280
0.25,280
0.379,280
0.405,280
0.37,280
0.298,280
0.362,280
0.28,280
0.364,280
0.34,280
0.337,280
0.264,280
0.36,280
0.243,280
0.26,280
61.405,280
0.28,280
0.343,280
0.353,280
0.274,280
0.287,280
0.26,280
0.279,280
0.367,280
0.359,280
0.352,280
0.315,280
0.34,280
0.903,280
0.376,280
0.436,280
0.347,280
1.618,280
0.332,280
0.236,280
0.26,280
80.27,280
0.273,280
0.382,280
0.337,280
0.304,280
0.264,280
0.264,280
0.261,280
0.349,280
0.377,280
0.391,280
0.275,280
0.319,280
0.288,280
0.38,280
0.344,280
0.349,280
0.255,280
0.386,280
0.246,280
0.238,280
71.494,280
