0.119,280
0.122,280
0.113,280
0.114,280
0.106,280
0.109,280
0.116,280
0.112,280
0.114,280
0.12,280
0.125,280
0.11,280
0.122,280
0.115,280
0.112,280
0.111,280
0.111,280
0.113,280
0.108,280
71.525,280
0.116,280
0.115,280
0.135,280
0.112,280
0.118,280
0.11,280
0.123,280
0.126,280
0.116,280
0.253,280
0.116,280
0.12,280
0.103,280
0.106,280
0.123,280
0.114,280
0.119,280
0.131,280
0.123,280
0.12,280
0.101,280
0.12,280
0.123,280
0.119,280
0.116,280
0.115,280
0.113,280
0.118,280
0.111,280
0.111,280
0.118,280
0.117,280
0.116,280
0.113,280
