21.732,280
17.669,280
22.002,280
17.953,280
14.599,280
14.722,280
17.546,280
13.334,280
15.243,280
23.024,280
16.262,280
16.179,280
16.293,280
18.38,280
15.589,280
19.558,280
15.848,280
18.944,280
15.271,280
13.518,280
25.614,280
15.227,280
16.284,280
16.039,280
16.188,280
26.303,280
13.428,280
15.124,280
15.07,280
15.938,280
15.333,280
17.16,280
18.086,280
17.241,280
15.638,280
18.466,280
13.558,280
13.568,280
16.052,280
17.413,280
13.488,280
14.406,280
13.614,280
16.693,280
17.627,280
17.772,280
25.986,280
15.302,280
15.472,280
17.838,280
15.684,280
13.549,280
18.61,280
18.27,280
15.334,280
15.264,280
18.981,280
13.78,280
19.664,280
18.885,280
19.168,280
15.614,280
14.469,280
17.59,280
13.678,280
21.408,280
14.507,280
16.017,280
16.253,280
18.28,280
13.381,280
13.446,280
15.561,280
20.391,280
14.221,280
17.768,280
13.88,280
15.505,280
19.713,280
15.616,280
21.745,280
14.13,280
14.954,280
15.161,280
15.353,280
23.607,280
19.596,280
27.333,280
14.516,280
13.71,280
16.698,280
13.436,280
16.006,280
13.435,280
13.618,280
15.434,280
21.566,280
26.507,280
16.079,280
13.512,280
13.726,280
22.665,280
25.216,280
16.307,280
16.678,280
13.478,280
13.684,280
15.957,280
19.548,280
13.81,280
13.612,280
13.699,280
13.56,280
20.633,280
13.607,280
13.543,280
23.384,280
20.842,280
16.173,280
18.719,280
13.974,280
17.837,280
13.836,280
20.361,280
16.566,280
14.129,280
13.853,280
23.179,280
15.584,280
22.114,280
13.918,280
18.756,280
19.582,280
16.16,280
15.582,280
13.661,280
16.609,280
14.686,280
13.565,280
13.877,280
15.764,280
20.274,280
13.835,280
15.561,280
15.502,280
16.132,280
15.938,280
15.87,280
13.705,280
15.056,280
16.429,280
14.945,280
14.706,280
15.797,280
14.335,280
19.286,280
15.054,280
15.198,280
24.333,280
18.441,280
26.115,280
13.764,280
15.59,280
13.807,280
13.695,280
22.517,280
23.981,280
13.745,280
17.709,280
15.514,280
16.107,280
20.134,280
16.716,280
16.656,280
28.23,280
13.619,280
15.053,280
19.857,280
14.192,280
13.607,280
13.782,280
13.561,280
19.714,280
25.293,280
13.72,280
15.862,280
13.656,280
24.976,280
19.335,280
19.103,280
21.648,280
13.569,280
13.675,280
16.366,280
19.219,280
13.545,280
21.319,280
15.63,280
19.227,280
13.639,280
26.651,280
16.321,280
13.667,280
14.664,280
15.21,280
18.64,280
16.03,280
19.866,280
28.585,280
13.558,280
15.049,280
15.089,280
19.063,280
15.3,280
16.218,280
16.678,280
14.321,280
18.451,280
13.691,280
15.848,280
16.133,280
13.584,280
17.708,280
17.512,280
16.248,280
13.812,280
13.878,280
13.737,280
16.559,280
13.875,280
21.917,280
16.349,280
15.582,280
13.969,280
16.65,280
26.367,280
20.432,280
15.055,280
22.246,280
15.092,280
17.3,280
17.831,280
25.153,280
20.314,280
24.453,280
21.627,280
19.587,280
15.179,280
18.292,280
14.023,280
20.854,280
17.11,280
18.999,280
13.514,280
23.586,280
22.52,280
13.631,280
14.019,280
18.446,280
15.122,280
21.781,280
13.88,280
16.489,280
16.081,280
16.319,280
13.825,280
14.831,280
15.016,280
19.298,280
14.764,280
13.602,280
21.482,280
16.284,280
19.544,280
18.057,280
16.569,280
19.733,280
14.331,280
15.359,280
16.168,280
13.758,280
14.514,280
23.242,280
13.627,280
26.094,280
14.599,280
14.878,280
13.555,280
13.803,280
16.278,280
18.407,280
26.205,280
13.76,280
16.122,280
17.488,280
17.515,280
22.137,280
16.392,280
16.038,280
14.819,280
13.591,280
13.975,280
23.09,280
13.967,280
15.338,280
14.233,280
20.136,280
13.901,280
13.685,280
15.018,280
19.959,280
18.167,280
13.916,280
17.969,280
13.932,280
17.863,280
19.094,280
15.625,280
18.038,280
14.551,280
15.248,280
22.949,280
21.113,280
16.503,280
15.519,280
13.835,280
19.054,280
19.622,280
16.361,280
15.141,280
13.883,280
19.972,280
13.641,280
16.422,280
21.336,280
15.237,280
18.134,280
21.158,280
14.869,280
23.532,280
20.398,280
17.812,280
21.335,280
22.994,280
17.242,280
20.168,280
13.515,280
13.429,280
13.557,280
17.973,280
16.13,280
17.399,280
24.11,280
14.975,280
13.415,280
20.817,280
19.993,280
15.054,280
20.973,280
13.672,280
21.827,280
13.545,280
14.37,280
13.745,280
17.749,280
24.737,280
23.379,280
14.183,280
14.123,280
14.049,280
14.822,280
26.553,280
22.958,280
25.36,280
13.898,280
13.828,280
13.718,280
14.922,280
14.063,280
16.265,280
15.844,280
13.848,280
15.778,280
17.901,280
15.719,280
13.934,280
16.974,280
14.245,280
15.465,280
19.0,280
13.782,280
18.059,280
16.006,280
24.178,280
22.882,280
24.87,280
22.847,280
15.718,280
15.877,280
13.69,280
17.213,280
13.768,280
22.37,280
24.311,280
13.82,280
13.876,280
19.79,280
23.917,280
15.269,280
13.701,280
13.62,280
22.411,280
16.11,280
13.764,280
16.468,280
16.441,280
25.471,280
16.271,280
16.189,280
14.249,280
25.82,280
14.165,280
15.556,280
15.969,280
25.659,280
23.983,280
14.023,280
13.588,280
13.529,280
17.355,280
16.183,280
18.019,280
18.146,280
14.36,280
13.439,280
22.307,280
16.902,280
18.257,280
25.475,280
19.251,280
21.174,280
14.995,280
22.354,280
15.488,280
19.352,280
13.907,280
13.769,280
17.661,280
13.758,280
21.798,280
16.261,280
18.693,280
13.712,280
17.04,280
16.337,280
23.25,280
13.537,280
18.807,280
15.85,280
21.875,280
23.727,280
14.328,280
25.37,280
22.109,280
14.521,280
13.848,280
14.2,280
15.967,280
24.764,280
13.587,280
16.546,280
25.993,280
18.708,280
15.37,280
13.859,280
13.382,280
13.724,280
15.907,280
20.558,280
15.774,280
19.283,280
16.27,280
13.916,280
17.273,280
19.906,280
15.292,280
15.998,280
15.878,280
16.93,280
19.937,280
20.394,280
17.501,280
28.898,280
13.701,280
14.1,280
19.657,280
14.04,280
14.153,280
13.549,280
13.331,280
13.943,280
26.88,280
14.731,280
13.743,280
22.13,280
23.349,280
13.5,280
13.487,280
13.535,280
13.623,280
16.398,280
17.155,280
19.697,280
17.585,280
17.145,280
19.907,280
13.817,280
16.935,280
13.756,280
24.569,280
14.167,280
24.988,280
13.96,280
16.604,280
16.685,280
16.469,280
14.04,280
15.3,280
16.214,280
15.845,280
16.289,280
23.938,280
23.397,280
23.157,280
24.221,280
19.854,280
15.426,280
19.009,280
24.024,280
15.591,280
13.889,280
13.827,280
28.257,280
16.584,280
13.72,280
13.841,280
14.487,280
15.977,280
20.636,280
13.843,280
23.805,280
15.311,280
17.365,280
17.094,280
15.977,280
18.807,280
14.028,280
17.491,280
14.922,280
13.596,280
13.696,280
18.37,280
15.313,280
16.673,280
14.19,280
13.778,280
17.013,280
19.766,280
23.409,280
15.075,280
25.494,280
16.34,280
13.945,280
16.19,280
13.824,280
13.855,280
16.482,280
15.299,280
18.641,280
18.911,280
14.202,280
24.204,280
17.904,280
18.367,280
22.712,280
13.972,280
15.732,280
16.362,280
16.04,280
16.071,280
20.518,280
13.756,280
22.679,280
14.698,280
23.43,280
13.813,280
20.28,280
15.11,280
14.674,280
18.621,280
15.453,280
22.216,280
16.194,280
15.493,280
19.759,280
13.983,280
22.581,280
16.692,280
20.921,280
13.94,280
22.149,280
16.412,280
18.494,280
17.017,280
22.687,280
13.849,280
18.202,280
15.402,280
14.911,280
16.377,280
13.687,280
15.066,280
19.416,280
16.328,280
15.249,280
17.006,280
15.115,280
24.74,280
37.135,280
14.478,280
17.142,280
22.475,280
14.174,280
15.05,280
14.819,280
23.665,280
15.969,280
17.149,280
13.751,280
27.157,280
18.703,280
17.035,280
24.235,280
17.882,280
16.65,280
13.784,280
13.74,280
20.926,280
19.702,280
13.796,280
14.956,280
14.644,280
13.783,280
25.479,280
24.825,280
13.59,280
18.046,280
18.435,280
19.719,280
14.074,280
13.935,280
16.474,280
19.824,280
15.401,280
14.743,280
16.974,280
15.795,280
21.638,280
30.164,280
22.847,280
16.956,280
24.047,280
14.149,280
17.174,280
24.243,280
14.32,280
14.083,280
15.881,280
16.929,280
13.986,280
17.113,280
16.303,280
22.161,280
16.249,280
17.792,280
25.542,280
22.243,280
18.146,280
23.819,280
26.968,280
23.444,280
14.002,280
15.51,280
18.052,280
18.318,280
15.278,280
13.667,280
25.313,280
16.375,280
15.807,280
13.884,280
16.209,280
17.141,280
19.935,280
15.064,280
13.785,280
15.206,280
16.466,280
18.093,280
19.613,280
13.938,280
13.877,280
24.652,280
25.329,280
15.041,280
18.381,280
13.848,280
17.111,280
15.809,280
16.033,280
18.454,280
16.703,280
17.219,280
24.876,280
13.911,280
17.516,280
13.666,280
15.587,280
19.048,280
14.203,280
16.242,280
13.893,280
13.675,280
16.876,280
22.056,280
22.862,280
18.789,280
23.716,280
17.308,280
14.133,280
14.96,280
24.556,280
16.934,280
21.252,280
24.588,280
27.182,280
14.343,280
14.508,280
21.599,280
21.88,280
16.625,280
25.219,280
21.425,280
14.102,280
18.536,280
19.054,280
14.201,280
25.529,280
19.229,280
16.352,280
17.46,280
27.888,280
14.94,280
16.347,280
13.767,280
20.247,280
22.395,280
18.267,280
15.133,280
13.817,280
18.121,280
18.414,280
17.485,280
25.2,280
22.368,280
18.883,280
14.218,280
18.696,280
15.905,280
26.5,280
17.768,280
17.733,280
13.99,280
25.927,280
16.914,280
14.541,280
14.281,280
17.365,280
26.11,280
15.555,280
16.936,280
15.103,280
15.81,280
14.003,280
16.091,280
15.124,280
20.917,280
14.803,280
15.622,280
18.094,280
19.918,280
23.004,280
19.762,280
14.792,280
15.311,280
13.597,280
14.835,280
15.953,280
13.644,280
19.644,280
18.816,280
15.817,280
20.886,280
23.476,280
13.542,280
18.003,280
16.187,280
13.994,280
15.047,280
14.224,280
24.335,280
18.708,280
16.78,280
15.94,280
20.069,280
16.599,280
25.622,280
22.576,280
13.819,280
18.841,280
13.683,280
24.077,280
13.882,280
15.916,280
14.111,280
20.741,280
21.902,280
16.578,280
21.034,280
15.698,280
16.449,280
14.006,280
13.977,280
17.807,280
21.271,280
14.198,280
15.587,280
22.138,280
20.775,280
15.576,280
24.951,280
14.099,280
18.343,280
17.862,280
17.386,280
13.873,280
18.646,280
14.232,280
21.149,280
14.825,280
22.889,280
24.249,280
16.898,280
13.882,280
17.44,280
14.986,280
20.121,280
23.372,280
15.391,280
15.164,280
16.378,280
15.054,280
16.155,280
13.98,280
17.444,280
18.389,280
13.92,280
23.763,280
17.097,280
16.656,280
18.049,280
21.227,280
20.234,280
16.106,280
16.695,280
22.916,280
15.595,280
21.302,280
22.561,280
16.303,280
15.977,280
23.105,280
13.939,280
16.052,280
17.213,280
23.697,280
18.137,280
16.28,280
16.125,280
23.196,280
26.074,280
13.729,280
18.424,280
16.298,280
15.37,280
16.94,280
16.5,280
20.987,280
13.923,280
17.938,280
28.963,280
16.388,280
23.657,280
24.504,280
16.045,280
17.323,280
24.262,280
15.943,280
17.752,280
18.638,280
18.426,280
15.761,280
16.707,280
14.139,280
19.085,280
15.958,280
17.953,280
21.126,280
23.708,280
15.229,280
13.601,280
21.6,280
23.148,280
18.516,280
19.54,280
16.129,280
14.39,280
13.654,280
15.228,280
19.331,280
13.685,280
14.166,280
16.334,280
13.795,280
17.697,280
23.361,280
18.122,280
24.93,280
17.788,280
13.599,280
21.476,280
17.538,280
14.02,280
15.674,280
16.329,280
18.188,280
17.12,280
16.525,280
17.977,280
15.865,280
15.785,280
24.331,280
17.691,280
13.925,280
22.542,280
19.938,280
17.935,280
20.873,280
13.921,280
13.903,280
15.983,280
22.516,280
20.913,280
21.679,280
24.244,280
18.21,280
16.036,280
25.08,280
13.777,280
26.873,280
17.294,280
25.134,280
18.724,280
15.235,280
17.094,280
19.269,280
14.038,280
16.16,280
20.207,280
18.253,280
14.364,280
23.021,280
28.081,280
16.302,280
16.524,280
21.632,280
15.4,280
21.815,280
18.851,280
19.431,280
17.971,280
26.184,280
18.942,280
13.793,280
17.047,280
16.094,280
14.115,280
23.087,280
13.826,280
27.871,280
26.617,280
14.07,280
16.794,280
13.868,280
14.175,280
25.51,280
13.832,280
13.961,280
17.602,280
15.832,280
17.304,280
14.831,280
21.631,280
16.882,280
15.541,280
14.574,280
14.401,280
18.494,280
15.143,280
21.609,280
17.058,280
14.218,280
20.091,280
15.754,280
15.347,280
14.541,280
16.587,280
16.463,280
14.133,280
14.935,280
17.168,280
18.108,280
18.726,280
13.836,280
16.313,280
20.448,280
15.638,280
19.095,280
14.077,280
18.229,280
21.471,280
14.767,280
23.291,280
14.211,280
16.132,280
22.624,280
19.765,280
14.878,280
16.853,280
15.625,280
23.717,280
16.47,280
14.081,280
18.311,280
14.217,280
14.293,280
20.226,280
25.761,280
16.782,280
15.742,280
20.835,280
17.158,280
15.695,280
25.297,280
14.999,280
17.895,280
17.814,280
14.258,280
17.496,280
15.205,280
19.199,280
17.842,280
14.898,280
18.657,280
17.73,280
16.001,280
17.623,280
13.787,280
21.031,280
14.27,280
15.688,280
14.863,280
14.138,280
16.784,280
23.976,280
14.177,280
18.676,280
16.924,280
16.281,280
15.696,280
16.184,280
15.881,280
13.971,280
14.897,280
15.642,280
23.533,280
14.009,280
15.34,280
20.921,280
15.037,280
16.134,280
15.313,280
15.446,280
17.609,280
22.737,280
16.281,280
24.391,280
16.519,280
16.509,280
18.8,280
17.801,280
13.89,280
13.762,280
18.955,280
16.123,280
17.372,280
16.045,280
17.685,280
13.844,280
13.893,280
18.495,280
26.058,280
17.703,280
15.752,280
15.97,280
13.94,280
15.927,280
18.073,280
13.713,280
24.298,280
14.912,280
13.781,280
15.158,280
26.882,280
13.362,280
27.626,280
24.53,280
13.701,280
19.715,280
19.328,280
19.807,280
17.029,280
13.892,280
13.669,280
25.342,280
13.947,280
22.129,280
13.536,280
21.894,280
15.584,280
13.702,280
16.679,280
21.024,280
15.513,280
14.571,280
13.611,280
13.913,280
24.269,280
13.774,280
13.817,280
13.692,280
13.811,280
15.37,280
19.828,280
22.362,280
13.894,280
16.518,280
22.338,280
15.212,280
15.981,280
13.939,280
14.009,280
13.771,280
15.825,280
15.019,280
23.195,280
15.416,280
24.167,280
27.122,280
27.742,280
15.54,280
15.474,280
20.311,280
15.052,280
15.13,280
15.1,280
19.131,280
61.828,280
14.035,280
22.341,280
18.248,280
14.224,280
22.703,280
21.735,280
16.351,280
15.63,280
15.234,280
25.084,280
14.156,280
14.733,280
17.66,280
16.669,280
14.568,280
22.472,280
19.957,280
24.037,280
14.147,280
23.278,280
16.156,280
14.886,280
14.129,280
19.997,280
16.884,280
16.326,280
17.399,280
14.56,280
16.109,280
20.343,280
27.48,280
19.932,280
25.606,280
23.446,280
20.043,280
18.427,280
24.424,280
15.785,280
22.735,280
17.072,280
22.832,280
23.951,280
15.48,280
18.601,280
19.739,280
14.937,280
17.601,280
18.236,280
23.567,280
20.94,280
15.677,280
14.714,280
15.668,280
17.363,280
29.505,280
15.442,280
16.054,280
19.179,280
14.282,280
17.237,280
19.764,280
17.317,280
25.726,280
16.634,280
25.877,280
17.479,280
20.236,280
14.877,280
15.768,280
19.336,280
14.674,280
16.297,280
15.859,280
16.185,280
14.595,280
16.028,280
17.14,280
16.506,280
23.827,280
15.998,280
15.197,280
20.751,280
16.0,280
23.002,280
20.464,280
14.4,280
16.873,280
19.379,280
19.028,280
25.398,280
14.656,280
16.339,280
15.084,280
16.664,280
21.868,280
14.432,280
17.232,280
14.624,280
14.038,280
19.826,280
20.14,280
18.37,280
18.511,280
15.92,280
16.032,280
17.331,280
15.329,280
14.185,280
19.964,280
24.18,280
14.116,280
23.527,280
14.482,280
19.941,280
23.885,280
22.788,280
20.314,280
21.032,280
14.995,280
19.75,280
14.296,280
17.065,280
22.296,280
20.524,280
14.312,280
21.54,280
14.088,280
14.903,280
17.042,280
26.341,280
16.606,280
16.954,280
14.197,280
24.887,280
16.819,280
19.38,280
18.445,280
23.833,280
24.661,280
24.933,280
21.161,280
15.689,280
14.141,280
19.56,280
21.861,280
14.008,280
15.288,280
16.05,280
15.863,280
18.397,280
15.097,280
22.854,280
14.855,280
25.717,280
14.481,280
14.245,280
20.172,280
68.066,280
15.444,280
18.662,280
22.789,280
17.554,280
19.561,280
24.261,280
14.947,280
20.267,280
21.046,280
19.809,280
19.606,280
16.332,280
14.523,280
20.832,280
19.502,280
16.105,280
17.41,280
14.594,280
24.513,280
21.928,280
14.484,280
19.499,280
18.247,280
15.695,280
16.704,280
21.924,280
17.0,280
20.053,280
16.931,280
16.169,280
18.886,280
16.919,280
16.177,280
17.568,280
19.452,280
17.861,280
16.492,280
19.764,280
18.584,280
17.262,280
22.405,280
14.715,280
21.555,280
15.29,280
17.728,280
17.193,280
19.9,280
17.153,280
16.933,280
17.866,280
27.082,280
26.054,280
14.637,280
15.525,280
17.105,280
16.36,280
14.424,280
15.583,280
24.34,280
16.901,280
17.747,280
18.325,280
14.467,280
17.539,280
17.71,280
16.66,280
17.113,280
17.951,280
14.74,280
21.626,280
18.98,280
20.375,280
16.749,280
16.575,280
16.675,280
16.734,280
19.693,280
20.391,280
14.879,280
17.946,280
16.702,280
28.195,280
17.841,280
18.057,280
22.049,280
15.241,280
14.589,280
19.923,280
18.298,280
15.991,280
19.27,280
14.987,280
24.072,280
17.109,280
16.744,280
19.206,280
23.798,280
16.069,280
17.054,280
20.579,280
16.083,280
20.07,280
14.287,280
18.409,280
21.196,280
18.511,280
21.382,280
19.987,280
15.765,280
21.325,280
22.571,280
15.186,280
24.027,280
17.548,280
16.789,280
26.532,280
15.425,280
24.44,280
19.388,280
17.195,280
16.105,280
21.76,280
14.251,280
17.074,280
19.668,280
21.777,280
18.567,280
19.172,280
16.514,280
21.357,280
18.787,280
27.003,280
20.226,280
17.655,280
17.854,280
14.601,280
15.66,280
16.184,280
16.315,280
15.997,280
15.274,280
22.585,280
15.485,280
17.744,280
19.931,280
17.191,280
14.717,280
14.511,280
17.113,280
20.048,280
16.218,280
14.471,280
16.974,280
15.957,280
20.553,280
26.246,280
24.124,280
14.764,280
16.494,280
16.043,280
22.482,280
20.661,280
16.61,280
21.148,280
16.657,280
14.712,280
14.64,280
22.768,280
23.747,280
24.79,280
16.935,280
19.807,280
17.927,280
17.199,280
17.609,280
18.371,280
16.019,280
23.611,280
16.76,280
18.66,280
16.588,280
24.037,280
19.72,280
16.289,280
19.255,280
14.434,280
134.06,280
20.557,280
17.003,280
14.489,280
15.869,280
16.564,280
20.141,280
22.79,280
18.24,280
22.829,280
24.243,280
18.598,280
15.237,280
18.663,280
25.179,280
16.736,280
19.586,280
14.509,280
19.337,280
16.139,280
18.637,280
22.79,280
24.594,280
21.632,280
17.198,280
23.771,280
25.348,280
16.321,280
16.653,280
21.082,280
15.689,280
20.417,280
17.638,280
19.714,280
24.458,280
20.14,280
19.656,280
16.253,280
21.367,280
21.245,280
20.158,280
14.83,280
18.584,280
24.017,280
16.542,280
20.839,280
26.129,280
28.197,280
24.013,280
16.759,280
16.019,280
17.33,280
17.491,280
17.403,280
18.677,280
17.569,280
16.09,280
19.406,280
17.384,280
15.913,280
22.369,280
14.522,280
25.067,280
20.977,280
16.409,280
18.022,280
17.649,280
18.66,280
18.091,280
15.176,280
16.955,280
17.977,280
18.511,280
16.835,280
17.91,280
15.549,280
19.246,280
17.144,280
23.553,280
14.806,280
16.902,280
26.032,280
16.195,280
25.438,280
18.559,280
23.607,280
14.549,280
16.196,280
16.014,280
16.444,280
16.104,280
19.287,280
23.508,280
16.807,280
14.767,280
25.84,280
17.558,280
24.187,280
20.611,280
18.809,280
18.268,280
18.853,280
18.841,280
16.97,280
15.475,280
18.209,280
21.961,280
16.511,280
17.713,280
20.865,280
16.936,280
23.213,280
16.227,280
16.492,280
19.028,280
20.644,280
18.198,280
23.113,280
20.668,280
17.391,280
20.971,280
21.871,280
14.48,280
19.11,280
15.305,280
20.9,280
21.826,280
16.647,280
20.385,280
15.478,280
17.035,280
15.936,280
23.336,280
15.379,280
19.128,280
23.414,280
15.562,280
16.033,280
15.998,280
19.13,280
17.174,280
15.52,280
125.701,280
14.654,280
16.168,280
18.076,280
17.602,280
16.898,280
18.399,280
18.697,280
17.064,280
17.892,280
18.021,280
15.867,280
15.414,280
14.679,280
16.914,280
19.796,280
16.3,280
17.751,280
22.09,280
17.693,280
68.723,280
22.456,280
16.65,280
15.966,280
16.409,280
27.698,280
26.162,280
18.534,280
23.172,280
14.545,280
16.838,280
18.083,280
16.381,280
21.835,280
16.185,280
16.405,280
16.221,280
25.544,280
25.461,280
28.49,280
16.223,280
20.869,280
26.279,280
20.292,280
17.842,280
16.034,280
20.485,280
16.219,280
20.233,280
20.347,280
17.194,280
19.084,280
16.158,280
16.061,280
15.185,280
16.523,280
17.153,280
26.851,280
24.898,280
25.256,280
16.746,280
17.109,280
16.099,280
14.885,280
20.02,280
20.663,280
16.612,280
16.588,280
18.624,280
18.282,280
17.832,280
22.511,280
19.317,280
21.97,280
15.735,280
26.273,280
21.709,280
18.549,280
18.63,280
15.681,280
16.175,280
22.928,280
15.773,280
21.038,280
18.63,280
19.912,280
17.976,280
16.068,280
19.709,280
21.784,280
17.471,280
15.349,280
15.624,280
15.816,280
18.026,280
20.324,280
15.673,280
20.621,280
28.461,280
16.47,280
21.627,280
25.433,280
16.339,280
21.187,280
18.105,280
17.451,280
15.776,280
14.57,280
19.269,280
19.263,280
21.09,280
18.156,280
15.724,280
23.233,280
15.82,280
19.001,280
15.044,280
18.582,280
14.498,280
20.482,280
14.418,280
23.436,280
19.075,280
17.268,280
20.713,280
14.52,280
20.093,280
16.168,280
22.302,280
15.018,280
15.43,280
15.813,280
16.728,280
17.724,280
17.085,280
26.047,280
14.21,280
16.095,280
18.674,280
18.303,280
16.9,280
70.389,280
20.28,280
15.414,280
23.407,280
16.893,280
19.066,280
14.642,280
21.924,280
24.502,280
15.507,280
15.351,280
21.873,280
22.219,280
19.551,280
21.258,280
15.972,280
14.63,280
20.47,280
15.472,280
18.31,280
19.839,280
21.153,280
20.021,280
15.483,280
21.305,280
21.51,280
15.975,280
19.362,280
16.062,280
19.626,280
18.724,280
21.643,280
14.987,280
16.351,280
17.835,280
24.882,280
15.642,280
16.805,280
22.002,280
14.248,280
15.691,280
22.46,280
23.477,280
22.063,280
19.998,280
15.758,280
21.097,280
22.743,280
17.041,280
20.785,280
30.605,280
14.524,280
22.25,280
14.77,280
17.216,280
17.336,280
21.465,280
21.387,280
16.752,280
17.408,280
23.982,280
17.343,280
18.014,280
23.4,280
22.676,280
16.133,280
24.313,280
20.783,280
21.455,280
19.131,280
16.949,280
15.46,280
16.702,280
17.317,280
21.331,280
17.813,280
19.535,280
17.174,280
16.694,280
17.012,280
16.476,280
16.223,280
16.062,280
21.855,280
16.629,280
26.136,280
20.388,280
17.873,280
25.51,280
18.912,280
19.333,280
31.845,280
15.601,280
20.13,280
15.65,280
15.441,280
16.195,280
18.512,280
22.027,280
20.965,280
14.488,280
17.004,280
16.78,280
17.779,280
14.619,280
20.108,280
20.914,280
18.061,280
14.748,280
17.325,280
15.491,280
16.12,280
19.155,280
15.065,280
14.65,280
17.753,280
15.456,280
17.874,280
16.174,280
16.261,280
20.307,280
18.052,280
16.326,280
23.837,280
19.986,280
14.529,280
24.182,280
17.149,280
16.849,280
15.855,280
15.6,280
16.878,280
16.689,280
18.63,280
14.516,280
20.595,280
18.855,280
19.715,280
15.313,280
19.18,280
20.221,280
15.985,280
17.426,280
62.977,280
20.952,280
17.568,280
16.303,280
18.522,280
16.942,280
16.411,280
18.044,280
15.675,280
19.764,280
17.5,280
17.22,280
14.653,280
16.647,280
23.912,280
18.613,280
16.66,280
19.811,280
21.657,280
21.762,280
16.739,280
18.134,280
18.022,280
15.435,280
20.011,280
16.257,280
15.336,280
16.26,280
16.378,280
18.402,280
24.686,280
16.654,280
19.445,280
20.297,280
27.936,280
18.474,280
21.566,280
21.814,280
17.074,280
16.794,280
15.732,280
16.166,280
16.228,280
19.843,280
15.7,280
14.621,280
21.231,280
21.476,280
14.299,280
21.035,280
15.802,280
18.757,280
14.413,280
19.276,280
16.627,280
15.441,280
16.265,280
19.417,280
15.929,280
26.402,280
19.124,280
18.76,280
17.958,280
21.546,280
16.289,280
15.284,280
14.657,280
23.865,280
14.583,280
24.415,280
16.036,280
19.587,280
16.961,280
18.635,280
15.907,280
17.702,280
15.557,280
17.075,280
14.837,280
16.703,280
23.54,280
16.472,280
17.152,280
15.916,280
21.48,280
16.36,280
23.04,280
28.708,280
24.078,280
24.547,280
23.514,280
22.279,280
15.621,280
19.884,280
14.74,280
14.908,280
17.418,280
19.369,280
15.354,280
14.823,280
19.203,280
15.13,280
17.623,280
20.947,280
20.804,280
22.449,280
18.231,280
15.622,280
20.904,280
24.015,280
16.525,280
24.249,280
15.589,280
18.307,280
21.132,280
14.954,280
16.611,280
16.717,280
16.449,280
15.429,280
14.874,280
20.321,280
15.84,280
26.017,280
18.161,280
15.346,280
16.326,280
15.408,280
21.865,280
25.886,280
16.565,280
19.234,280
23.116,280
19.711,280
14.374,280
17.823,280
20.048,280
16.189,280
20.775,280
22.51,280
16.398,280
14.501,280
18.157,280
26.317,280
14.497,280
18.061,280
18.09,280
18.236,280
18.502,280
15.709,280
16.346,280
14.601,280
21.798,280
22.862,280
19.46,280
16.267,280
15.389,280
19.526,280
14.372,280
16.014,280
21.265,280
18.372,280
24.163,280
20.393,280
16.095,280
17.477,280
20.038,280
19.265,280
21.253,280
20.278,280
16.914,280
16.429,280
19.903,280
19.401,280
17.019,280
21.766,280
22.892,280
18.008,280
18.603,280
17.735,280
16.238,280
14.675,280
19.3,280
23.042,280
17.201,280
20.135,280
14.413,280
21.515,280
14.856,280
15.75,280
18.728,280
14.655,280
15.862,280
18.759,280
20.33,280
15.739,280
18.841,280
16.703,280
16.731,280
15.619,280
26.089,280
20.916,280
21.135,280
18.45,280
20.057,280
15.487,280
16.182,280
23.207,280
18.199,280
16.677,280
14.954,280
14.363,280
14.633,280
15.57,280
19.832,280
15.758,280
20.852,280
23.904,280
20.012,280
24.209,280
21.522,280
16.359,280
18.268,280
20.702,280
64.795,280
16.259,280
15.931,280
14.282,280
21.759,280
16.255,280
15.295,280
15.878,280
14.745,280
25.479,280
16.358,280
14.644,280
18.995,280
16.425,280
28.859,280
16.505,280
14.943,280
22.101,280
22.569,280
22.436,280
20.664,280
17.897,280
20.595,280
16.382,280
20.825,280
15.75,280
18.725,280
15.876,280
21.041,280
17.132,280
15.626,280
17.2,280
23.914,280
23.375,280
16.794,280
19.029,280
16.115,280
17.344,280
17.423,280
15.914,280
15.743,280
21.02,280
20.92,280
24.454,280
19.206,280
16.094,280
24.649,280
16.919,280
18.839,280
16.485,280
16.451,280
15.613,280
26.205,280
20.415,280
18.373,280
19.227,280
17.506,280
19.254,280
19.673,280
16.687,280
25.35,280
23.106,280
17.06,280
19.142,280
16.433,280
21.994,280
14.526,280
15.962,280
20.141,280
17.708,280
15.533,280
25.678,280
16.659,280
17.77,280
18.056,280
18.928,280
14.734,280
15.009,280
21.233,280
24.3,280
16.817,280
20.705,280
20.764,280
26.027,280
16.065,280
14.308,280
19.469,280
17.209,280
15.821,280
15.524,280
20.882,280
19.038,280
14.832,280
25.589,280
16.726,280
17.65,280
16.393,280
22.214,280
15.555,280
24.771,280
23.148,280
16.949,280
17.127,280
16.632,280
15.96,280
20.643,280
16.254,280
17.599,280
25.379,280
15.2,280
20.007,280
16.293,280
25.674,280
15.758,280
15.772,280
22.466,280
20.574,280
19.046,280
18.397,280
16.754,280
22.779,280
15.703,280
15.121,280
15.772,280
17.948,280
14.293,280
17.197,280
18.217,280
14.476,280
15.746,280
21.741,280
22.269,280
17.004,280
16.507,280
19.484,280
17.055,280
15.912,280
15.021,280
16.119,280
19.229,280
23.198,280
16.398,280
19.706,280
58.189,280
18.392,280
18.508,280
23.404,280
18.765,280
17.965,280
18.921,280
21.687,280
16.067,280
23.333,280
15.006,280
15.106,280
16.547,280
21.878,280
14.621,280
16.797,280
21.644,280
18.909,280
19.838,280
21.016,280
14.609,280
15.21,280
16.534,280
20.744,280
18.783,280
18.788,280
15.926,280
16.479,280
18.045,280
15.488,280
14.647,280
21.575,280
20.245,280
16.274,280
15.163,280
16.382,280
17.698,280
25.457,280
14.801,280
28.932,280
16.961,280
17.892,280
18.364,280
15.992,280
19.218,280
18.382,280
17.707,280
16.558,280
16.451,280
19.255,280
24.309,280
16.945,280
18.298,280
16.9,280
18.687,280
16.262,280
18.764,280
16.644,280
18.893,280
21.096,280
14.605,280
21.45,280
18.754,280
20.672,280
17.969,280
15.475,280
20.157,280
16.633,280
17.089,280
18.699,280
16.461,280
18.852,280
16.834,280
16.488,280
15.804,280
16.844,280
14.581,280
17.175,280
22.676,280
18.567,280
18.695,280
17.826,280
17.945,280
25.197,280
18.991,280
22.627,280
17.85,280
16.268,280
16.471,280
20.895,280
20.109,280
14.807,280
18.222,280
18.606,280
16.208,280
16.669,280
24.807,280
14.986,280
64.607,280
16.599,280
20.646,280
22.672,280
18.121,280
15.899,280
20.905,280
14.945,280
14.947,280
15.949,280
18.121,280
15.338,280
20.061,280
15.049,280
21.5,280
17.419,280
18.244,280
16.044,280
17.24,280
17.841,280
19.738,280
15.851,280
14.725,280
17.22,280
23.795,280
15.367,280
17.397,280
16.06,280
22.505,280
14.834,280
16.781,280
17.821,280
22.494,280
23.651,280
14.83,280
21.421,280
16.475,280
21.906,280
20.359,280
19.031,280
14.611,280
18.771,280
17.826,280
18.72,280
16.532,280
19.842,280
26.598,280
17.207,280
23.424,280
14.649,280
18.609,280
18.279,280
16.964,280
18.596,280
18.547,280
20.835,280
22.403,280
15.845,280
17.771,280
21.97,280
14.838,280
26.971,280
15.152,280
18.042,280
16.702,280
16.1,280
14.758,280
22.579,280
16.196,280
18.587,280
15.162,280
15.71,280
26.123,280
17.387,280
16.109,280
15.718,280
20.426,280
18.348,280
22.237,280
21.704,280
16.961,280
18.53,280
19.839,280
23.42,280
18.624,280
16.423,280
20.274,280
21.456,280
16.292,280
19.388,280
16.546,280
16.354,280
21.658,280
16.196,280
17.978,280
16.469,280
18.145,280
17.022,280
17.321,280
21.064,280
21.676,280
16.904,280
18.33,280
16.77,280
18.614,280
16.465,280
15.845,280
24.644,280
19.497,280
17.201,280
21.756,280
18.328,280
26.478,280
19.181,280
16.548,280
19.884,280
19.43,280
24.642,280
19.18,280
16.034,280
20.546,280
21.788,280
18.181,280
16.747,280
20.341,280
21.009,280
17.387,280
14.803,280
20.645,280
22.134,280
16.197,280
23.268,280
14.809,280
19.269,280
16.918,280
19.296,280
23.689,280
14.733,280
18.509,280
15.732,280
18.745,280
17.716,280
20.473,280
15.639,280
15.172,280
23.027,280
17.278,280
17.696,280
22.348,280
16.967,280
18.729,280
15.83,280
18.815,280
17.967,280
20.261,280
26.432,280
14.744,280
15.981,280
15.659,280
20.657,280
15.284,280
14.226,280
18.275,280
19.858,280
16.876,280
16.943,280
24.711,280
16.129,280
16.022,280
16.938,280
25.774,280
19.391,280
15.272,280
21.627,280
22.998,280
16.707,280
29.482,280
25.247,280
23.187,280
19.848,280
18.468,280
17.527,280
23.088,280
19.206,280
22.444,280
15.816,280
17.292,280
21.892,280
16.374,280
18.347,280
17.945,280
15.948,280
15.357,280
19.903,280
21.58,280
16.969,280
18.355,280
15.97,280
14.748,280
16.579,280
16.393,280
16.443,280
15.354,280
14.287,280
25.706,280
16.439,280
15.719,280
16.082,280
14.685,280
19.961,280
15.703,280
15.674,280
20.907,280
16.329,280
21.205,280
17.134,280
19.85,280
19.556,280
16.366,280
19.534,280
20.77,280
26.907,280
18.155,280
18.947,280
18.207,280
19.309,280
14.844,280
25.952,280
16.457,280
16.782,280
18.423,280
16.309,280
15.7,280
17.969,280
22.626,280
18.465,280
15.46,280
17.25,280
15.251,280
22.754,280
18.791,280
23.017,280
23.692,280
14.845,280
15.626,280
25.867,280
17.386,280
14.638,280
14.486,280
18.527,280
16.111,280
26.063,280
16.841,280
16.357,280
16.988,280
16.131,280
19.075,280
14.468,280
21.04,280
14.542,280
16.701,280
19.759,280
16.971,280
16.871,280
16.749,280
25.35,280
18.562,280
15.802,280
21.08,280
25.243,280
17.245,280
25.646,280
15.68,280
20.156,280
20.594,280
15.759,280
15.922,280
19.774,280
17.219,280
17.127,280
15.659,280
15.944,280
20.31,280
19.889,280
17.906,280
14.75,280
16.398,280
16.039,280
16.937,280
15.987,280
18.738,280
16.027,280
14.621,280
16.388,280
17.041,280
18.445,280
22.478,280
21.689,280
24.266,280
68.054,280
18.05,280
14.563,280
24.912,280
18.712,280
26.01,280
17.678,280
15.797,280
16.107,280
16.65,280
25.733,280
15.597,280
16.706,280
17.542,280
14.519,280
18.331,280
17.283,280
16.683,280
16.55,280
21.134,280
17.02,280
18.252,280
18.94,280
23.316,280
15.731,280
20.06,280
15.404,280
14.894,280
14.568,280
18.28,280
16.373,280
15.639,280
15.892,280
17.999,280
18.688,280
20.018,280
17.899,280
15.837,280
17.491,280
20.177,280
15.716,280
19.34,280
20.511,280
16.552,280
14.81,280
22.937,280
17.713,280
15.42,280
14.644,280
17.102,280
17.255,280
16.015,280
17.698,280
16.894,280
17.05,280
19.62,280
17.602,280
16.267,280
16.042,280
19.446,280
20.0,280
18.728,280
18.427,280
16.733,280
17.444,280
15.802,280
16.589,280
16.731,280
17.653,280
18.716,280
16.904,280
25.235,280
15.293,280
22.683,280
23.012,280
19.746,280
23.575,280
175.652,280
18.591,280
15.25,280
16.873,280
24.733,280
15.313,280
16.186,280
22.461,280
21.432,280
15.473,280
17.809,280
16.068,280
16.846,280
20.316,280
16.256,280
20.57,280
20.99,280
16.169,280
15.769,280
16.477,280
17.983,280
19.932,280
15.697,280
16.307,280
20.295,280
21.047,280
21.993,280
17.438,280
14.432,280
15.774,280
19.12,280
16.503,280
16.331,280
17.534,280
18.789,280
25.518,280
19.556,280
17.282,280
25.048,280
17.005,280
19.332,280
16.401,280
14.787,280
17.443,280
22.844,280
19.446,280
23.112,280
18.135,280
19.503,280
18.367,280
21.508,280
21.025,280
15.525,280
17.72,280
14.504,280
25.176,280
20.962,280
15.684,280
21.342,280
25.414,280
20.283,280
25.642,280
16.413,280
16.154,280
19.809,280
16.557,280
16.345,280
20.358,280
16.388,280
16.502,280
26.337,280
24.375,280
15.374,280
17.417,280
17.865,280
15.889,280
15.007,280
16.349,280
20.098,280
18.707,280
16.445,280
26.068,280
24.757,280
18.083,280
17.785,280
18.364,280
14.759,280
16.289,280
20.51,280
16.553,280
18.671,280
18.211,280
18.054,280
21.582,280
15.06,280
14.944,280
16.376,280
14.967,280
20.499,280
15.942,280
24.642,280
15.659,280
16.993,280
19.323,280
27.65,280
18.01,280
19.837,280
16.87,280
28.512,280
17.887,280
18.087,280
20.342,280
16.481,280
19.461,280
23.455,280
15.784,280
15.964,280
24.119,280
20.68,280
14.478,280
26.631,280
21.224,280
18.27,280
15.835,280
16.816,280
14.755,280
23.081,280
15.566,280
18.644,280
14.731,280
18.456,280
17.63,280
15.952,280
22.254,280
19.774,280
20.116,280
21.045,280
18.219,280
22.893,280
17.252,280
17.31,280
19.014,280
16.068,280
21.515,280
17.76,280
17.57,280
16.517,280
17.813,280
21.008,280
18.329,280
16.077,280
17.022,280
22.2,280
23.516,280
18.113,280
17.18,280
18.963,280
16.815,280
22.156,280
18.826,280
16.371,280
24.733,280
15.718,280
16.53,280
16.479,280
19.309,280
15.997,280
16.219,280
25.124,280
14.807,280
16.029,280
15.874,280
19.551,280
18.14,280
16.409,280
16.263,280
21.171,280
14.525,280
58.632,280
22.369,280
19.654,280
17.499,280
24.792,280
20.088,280
17.299,280
18.108,280
21.973,280
17.191,280
17.571,280
16.274,280
23.404,280
24.048,280
23.995,280
19.015,280
16.046,280
19.727,280
16.717,280
16.99,280
17.169,280
65.34,280
17.824,280
22.04,280
17.306,280
24.593,280
16.162,280
16.323,280
18.161,280
16.22,280
16.625,280
16.729,280
23.462,280
16.597,280
15.561,280
18.624,280
14.805,280
15.956,280
19.822,280
23.872,280
18.394,280
16.144,280
16.835,280
20.85,280
19.651,280
14.517,280
20.534,280
18.558,280
17.109,280
16.433,280
16.483,280
16.856,280
17.936,280
22.086,280
16.151,280
15.917,280
16.11,280
18.285,280
19.229,280
23.415,280
21.901,280
17.196,280
22.212,280
20.228,280
16.055,280
15.823,280
19.144,280
16.004,280
19.089,280
17.022,280
17.554,280
16.752,280
15.403,280
18.607,280
20.327,280
21.835,280
16.762,280
24.713,280
20.967,280
15.673,280
21.235,280
19.375,280
16.021,280
16.97,280
17.309,280
16.959,280
17.162,280
21.497,280
25.862,280
20.987,280
20.367,280
20.113,280
28.295,280
16.678,280
15.939,280
17.213,280
19.819,280
17.293,280
16.596,280
16.368,280
15.916,280
15.585,280
16.379,280
14.923,280
20.512,280
17.06,280
18.651,280
20.865,280
19.218,280
21.297,280
16.484,280
16.936,280
22.028,280
14.801,280
14.633,280
14.606,280
15.052,280
19.824,280
24.019,280
22.429,280
14.301,280
16.746,280
19.745,280
18.378,280
16.752,280
21.268,280
17.726,280
24.031,280
14.912,280
20.771,280
21.124,280
23.95,280
23.158,280
19.04,280
15.763,280
15.788,280
17.946,280
26.292,280
20.158,280
25.954,280
15.18,280
19.657,280
16.876,280
14.547,280
16.39,280
16.883,280
19.691,280
18.0,280
25.366,280
14.709,280
14.66,280
18.972,280
21.776,280
15.675,280
14.341,280
16.183,280
19.49,280
23.752,280
19.694,280
20.435,280
17.643,280
19.521,280
16.402,280
27.478,280
17.641,280
14.296,280
21.074,280
14.719,280
16.352,280
17.457,280
25.885,280
15.712,280
20.908,280
17.863,280
14.748,280
16.016,280
17.1,280
14.859,280
15.687,280
26.362,280
23.258,280
23.749,280
14.657,280
14.769,280
15.398,280
16.084,280
14.701,280
27.802,280
19.811,280
14.77,280
16.184,280
14.848,280
14.607,280
20.116,280
16.26,280
14.239,280
15.149,280
16.629,280
17.832,280
16.176,280
14.515,280
39.634,280
31.003,280
21.916,280
18.979,280
19.275,280
24.214,280
19.409,280
20.114,280
21.254,280
14.386,280
17.56,280
14.625,280
22.905,280
14.669,280
14.615,280
14.445,280
14.244,280
17.27,280
14.2,280
24.902,280
14.548,280
22.926,280
15.231,280
14.367,280
14.473,280
14.537,280
14.634,280
21.608,280
14.427,280
14.489,280
16.083,280
19.097,280
18.135,280
14.703,280
25.074,280
14.57,280
17.239,280
18.338,280
19.591,280
14.839,280
14.647,280
19.204,280
20.356,280
14.331,280
16.911,280
23.914,280
21.696,280
20.877,280
14.323,280
26.042,280
18.762,280
15.98,280
19.203,280
15.109,280
16.431,280
17.595,280
20.647,280
15.967,280
26.876,280
14.964,280
19.359,280
14.185,280
20.937,280
14.603,280
14.32,280
14.38,280
21.432,280
14.333,280
20.612,280
17.533,280
16.358,280
14.328,280
14.389,280
20.031,280
25.065,280
14.074,280
14.048,280
16.029,280
14.147,280
20.655,280
14.365,280
14.176,280
20.798,280
14.249,280
14.322,280
24.402,280
20.399,280
14.427,280
16.135,280
16.919,280
14.586,280
23.335,280
21.434,280
24.817,280
14.061,280
20.939,280
17.732,280
23.372,280
14.281,280
14.372,280
17.825,280
15.988,280
15.027,280
16.099,280
20.132,280
21.054,280
17.963,280
14.662,280
22.508,280
18.922,280
23.381,280
25.051,280
15.611,280
14.429,280
25.429,280
19.859,280
14.313,280
15.646,280
14.106,280
16.285,280
18.939,280
18.216,280
14.428,280
14.217,280
14.487,280
17.795,280
21.467,280
17.09,280
14.327,280
16.216,280
16.879,280
14.408,280
19.602,280
19.824,280
15.559,280
22.814,280
15.914,280
23.172,280
22.49,280
17.608,280
14.654,280
18.373,280
19.005,280
15.891,280
15.432,280
19.911,280
14.456,280
23.305,280
23.776,280
15.322,280
18.201,280
17.252,280
14.819,280
23.418,280
19.344,280
18.346,280
14.452,280
14.692,280
18.175,280
19.155,280
17.888,280
15.565,280
16.914,280
22.515,280
23.563,280
21.213,280
17.094,280
20.01,280
16.76,280
14.568,280
14.509,280
19.5,280
21.453,280
21.843,280
16.905,280
14.707,280
18.893,280
14.624,280
14.256,280
19.021,280
14.389,280
14.272,280
18.204,280
16.04,280
14.492,280
20.08,280
16.113,280
14.334,280
18.954,280
16.845,280
14.316,280
14.524,280
16.248,280
15.16,280
14.275,280
14.413,280
14.506,280
19.0,280
14.425,280
21.163,280
16.793,280
15.956,280
15.75,280
16.734,280
14.873,280
23.96,280
25.391,280
22.312,280
22.825,280
17.745,280
14.754,280
21.062,280
20.372,280
14.185,280
17.239,280
16.475,280
14.653,280
14.261,280
19.735,280
16.368,280
14.625,280
18.68,280
17.075,280
26.088,280
14.562,280
19.232,280
17.632,280
19.288,280
14.283,280
21.507,280
15.902,280
17.763,280
14.435,280
17.312,280
14.469,280
17.842,280
21.671,280
16.14,280
21.181,280
16.544,280
62.479,280
16.604,280
14.604,280
14.923,280
23.302,280
15.865,280
19.578,280
14.704,280
18.512,280
18.499,280
16.3,280
15.189,280
22.442,280
19.445,280
16.43,280
18.13,280
14.498,280
18.616,280
14.495,280
23.065,280
14.506,280
20.612,280
71.551,280
18.538,280
21.53,280
14.724,280
16.573,280
24.773,280
16.784,280
15.968,280
22.914,280
14.341,280
14.286,280
16.232,280
14.485,280
15.385,280
14.536,280
14.671,280
14.57,280
23.83,280
23.855,280
14.256,280
20.324,280
16.758,280
18.556,280
15.06,280
14.314,280
18.083,280
14.539,280
18.939,280
18.849,280
14.13,280
14.468,280
15.277,280
14.62,280
15.744,280
20.02,280
14.027,280
14.238,280
23.923,280
19.275,280
14.463,280
14.706,280
17.366,280
17.089,280
17.287,280
15.573,280
20.3,280
15.408,280
17.186,280
19.352,280
14.985,280
19.595,280
14.168,280
24.84,280
16.541,280
26.228,280
24.327,280
17.512,280
23.943,280
16.952,280
14.721,280
16.322,280
14.448,280
14.285,280
18.633,280
14.455,280
15.745,280
21.273,280
16.773,280
17.08,280
14.778,280
17.128,280
20.902,280
15.167,280
14.686,280
19.63,280
24.914,280
14.445,280
25.062,280
15.449,280
14.667,280
17.614,280
14.819,280
14.894,280
14.677,280
21.049,280
15.43,280
18.596,280
15.839,280
14.315,280
24.31,280
14.703,280
20.368,280
14.924,280
14.948,280
22.714,280
20.566,280
14.683,280
16.189,280
14.759,280
14.419,280
15.352,280
23.757,280
14.438,280
18.977,280
19.753,280
20.453,280
14.2,280
15.031,280
14.664,280
14.563,280
25.43,280
16.345,280
23.219,280
25.606,280
14.672,280
16.726,280
14.272,280
14.856,280
15.874,280
23.392,280
18.822,280
17.475,280
16.436,280
15.48,280
15.505,280
21.761,280
14.36,280
17.828,280
14.741,280
18.662,280
22.836,280
14.482,280
23.379,280
18.7,280
20.334,280
17.366,280
14.452,280
15.626,280
17.856,280
25.286,280
14.521,280
16.291,280
16.462,280
17.776,280
22.241,280
17.663,280
16.21,280
14.347,280
21.547,280
15.112,280
14.13,280
22.598,280
17.552,280
16.497,280
15.591,280
23.224,280
19.576,280
18.284,280
16.191,280
16.822,280
23.624,280
18.845,280
14.343,280
19.913,280
16.772,280
19.718,280
20.432,280
21.765,280
16.336,280
14.936,280
17.756,280
22.7,280
24.122,280
16.236,280
17.453,280
24.424,280
21.458,280
15.568,280
16.581,280
23.982,280
16.631,280
19.653,280
14.319,280
58.812,280
19.486,280
17.642,280
16.028,280
26.813,280
20.007,280
14.217,280
24.555,280
14.352,280
14.544,280
16.884,280
25.652,280
16.921,280
14.27,280
17.896,280
18.829,280
14.617,280
14.416,280
20.974,280
24.346,280
16.389,280
14.601,280
16.759,280
16.827,280
26.04,280
18.176,280
16.541,280
17.482,280
14.636,280
22.82,280
20.073,280
14.835,280
18.813,280
15.565,280
21.206,280
15.995,280
22.193,280
15.943,280
14.921,280
15.632,280
15.049,280
25.867,280
16.631,280
14.621,280
16.407,280
17.206,280
14.538,280
16.551,280
14.605,280
21.793,280
15.263,280
14.926,280
20.73,280
14.562,280
17.203,280
18.486,280
17.359,280
15.776,280
14.82,280
18.885,280
14.549,280
20.783,280
14.263,280
15.174,280
14.275,280
16.679,280
16.053,280
15.47,280
22.822,280
14.496,280
14.353,280
19.648,280
17.253,280
14.498,280
15.785,280
14.115,280
19.21,280
14.646,280
16.0,280
22.523,280
23.736,280
221.81,280
18.645,280
16.378,280
14.45,280
23.302,280
14.494,280
16.161,280
16.162,280
14.556,280
18.061,280
24.681,280
17.44,280
14.124,280
15.32,280
16.851,280
14.317,280
16.163,280
14.531,280
18.425,280
17.227,280
20.299,280
17.135,280
17.497,280
14.774,280
20.154,280
14.39,280
19.2,280
14.484,280
19.678,280
22.514,280
17.209,280
14.678,280
22.766,280
22.965,280
14.584,280
19.794,280
14.96,280
18.155,280
19.91,280
14.478,280
14.735,280
14.688,280
14.418,280
14.666,280
17.78,280
15.99,280
14.744,280
14.58,280
26.447,280
16.292,280
16.727,280
17.289,280
21.411,280
24.906,280
14.674,280
20.498,280
16.902,280
23.877,280
14.338,280
24.676,280
20.414,280
16.498,280
19.778,280
17.964,280
16.286,280
14.503,280
14.468,280
18.992,280
14.176,280
23.772,280
16.025,280
15.33,280
18.333,280
16.052,280
20.161,280
17.138,280
17.399,280
16.539,280
14.299,280
14.244,280
15.601,280
14.276,280
14.238,280
22.725,280
16.653,280
14.475,280
26.602,280
23.825,280
14.345,280
22.935,280
15.47,280
14.336,280
14.369,280
22.163,280
18.527,280
15.16,280
21.097,280
51.438,280
15.136,280
19.139,280
14.562,280
20.359,280
14.305,280
20.186,280
14.56,280
14.662,280
14.419,280
17.852,280
16.84,280
14.59,280
17.073,280
18.318,280
14.392,280
14.588,280
16.24,280
15.478,280
14.957,280
14.701,280
16.555,280
16.843,280
14.207,280
25.01,280
18.839,280
15.941,280
26.029,280
14.351,280
14.477,280
17.096,280
26.061,280
14.572,280
17.665,280
18.094,280
18.897,280
19.101,280
14.426,280
14.472,280
18.637,280
14.496,280
14.561,280
17.101,280
16.472,280
14.714,280
16.026,280
20.317,280
23.183,280
19.474,280
22.778,280
23.018,280
17.403,280
17.253,280
14.711,280
19.123,280
16.082,280
19.586,280
19.465,280
15.318,280
18.318,280
14.321,280
14.621,280
18.026,280
64.952,280
16.826,280
14.391,280
18.639,280
15.853,280
16.479,280
14.982,280
16.073,280
16.01,280
14.174,280
20.811,280
22.664,280
25.199,280
18.624,280
19.528,280
14.783,280
22.766,280
14.573,280
15.977,280
25.318,280
184.161,280
22.748,280
14.579,280
16.028,280
16.199,280
15.648,280
15.944,280
14.803,280
14.537,280
20.333,280
16.049,280
17.107,280
26.032,280
19.601,280
17.423,280
20.32,280
14.82,280
14.672,280
21.132,280
14.408,280
20.419,280
25.575,280
14.419,280
19.331,280
17.157,280
15.834,280
20.287,280
22.298,280
16.204,280
16.975,280
16.596,280
14.59,280
22.43,280
18.3,280
14.63,280
14.53,280
18.48,280
17.764,280
22.647,280
22.838,280
19.67,280
21.122,280
20.732,280
14.622,280
15.781,280
15.647,280
14.437,280
18.475,280
15.059,280
14.741,280
15.388,280
16.237,280
18.531,280
17.991,280
14.794,280
21.088,280
19.662,280
15.544,280
14.418,280
14.297,280
17.352,280
16.207,280
18.451,280
16.538,280
16.577,280
22.268,280
18.084,280
14.598,280
14.928,280
17.304,280
14.813,280
14.406,280
22.101,280
14.8,280
17.034,280
14.874,280
14.526,280
15.357,280
16.591,280
18.058,280
14.872,280
14.339,280
16.577,280
16.351,280
20.443,280
18.545,280
15.17,280
15.547,280
14.674,280
20.281,280
15.889,280
15.138,280
15.812,280
19.976,280
21.33,280
20.495,280
23.599,280
16.391,280
23.873,280
18.79,280
16.588,280
14.971,280
15.485,280
14.49,280
14.615,280
14.636,280
14.737,280
14.679,280
15.934,280
14.255,280
14.757,280
15.286,280
19.406,280
23.295,280
22.744,280
14.722,280
14.178,280
17.015,280
21.386,280
15.912,280
14.743,280
19.984,280
15.23,280
15.871,280
18.457,280
