0.134,280
0.178,280
0.181,280
0.136,280
0.173,280
0.181,280
0.15,280
0.189,280
0.169,280
0.147,280
0.148,280
0.179,280
0.147,280
0.149,280
0.133,280
6.958,280
0.145,280
0.173,280
7.475,280
5.486,280
0.179,280
0.142,280
5.667,280
5.69,280
6.099,280
0.153,280
0.144,280
9.253,280
0.14,280
5.683,280
6.069,280
13.919,280
6.073,280
0.146,280
0.165,280
0.152,280
5.698,280
6.153,280
5.63,280
5.825,280
5.444,280
7.99,280
5.547,280
0.158,280
5.813,280
5.83,280
5.516,280
9.31,280
5.839,280
5.403,280
7.566,280
5.803,280
11.002,280
8.684,280
8.396,280
5.697,280
11.624,280
6.058,280
0.156,280
5.674,280
5.739,280
6.514,280
6.217,280
6.12,280
5.922,280
6.58,280
5.831,280
8.744,280
0.159,280
0.154,280
6.159,280
5.82,280
6.283,280
6.572,280
6.802,280
8.459,280
6.164,280
0.156,280
6.333,280
5.789,280
0.166,280
7.107,280
6.979,280
6.927,280
0.147,280
6.028,280
5.844,280
5.931,280
8.19,280
7.123,280
11.727,280
6.349,280
7.302,280
7.479,280
8.256,280
5.814,280
6.12,280
0.15,280
6.157,280
6.053,280
7.836,280
8.074,280
6.128,280
7.295,280
7.39,280
0.152,280
6.937,280
8.799,280
6.037,280
0.198,280
9.974,280
7.505,280
9.089,280
8.854,280
6.083,280
6.267,280
0.147,280
6.111,280
10.279,280
5.766,280
5.837,280
7.661,280
0.227,280
6.683,280
6.125,280
8.424,280
9.816,280
14.221,280
6.289,280
6.967,280
5.766,280
6.383,280
6.765,280
8.19,280
11.477,280
6.203,280
8.166,280
6.547,280
5.707,280
11.722,280
7.526,280
6.26,280
0.186,280
6.091,280
5.99,280
7.975,280
7.627,280
5.755,280
6.205,280
6.639,280
5.957,280
0.162,280
6.145,280
6.996,280
7.827,280
6.89,280
6.619,280
6.275,280
6.398,280
8.069,280
6.146,280
9.053,280
6.62,280
6.016,280
6.117,280
6.934,280
5.921,280
5.923,280
8.088,280
6.232,280
7.26,280
5.889,280
6.039,280
6.964,280
8.157,280
5.955,280
5.939,280
6.175,280
6.1,280
6.301,280
6.916,280
6.362,280
6.058,280
8.483,280
5.818,280
8.467,280
7.826,280
7.634,280
6.17,280
6.394,280
6.13,280
6.418,280
6.558,280
0.151,280
6.179,280
0.159,280
7.249,280
8.174,280
0.156,280
6.583,280
5.947,280
0.166,280
0.236,280
0.186,280
0.187,280
7.281,280
13.271,280
8.534,280
0.174,280
8.413,280
0.331,280
8.125,280
0.327,280
7.833,280
0.18,280
8.106,280
0.177,280
8.268,280
0.233,280
8.467,280
0.192,280
7.975,280
0.094,280
0.178,280
8.014,280
0.182,280
0.189,280
0.183,280
0.181,280
0.188,280
0.184,280
0.189,280
0.323,280
8.061,280
0.167,280
0.191,280
0.167,280
0.19,280
0.183,280
0.243,280
0.409,280
0.234,280
0.188,280
0.238,280
0.159,280
0.155,280
0.183,280
0.184,280
0.236,280
0.175,280
0.195,280
0.241,280
0.182,280
0.2,280
0.18,280
0.252,280
0.195,280
0.182,280
0.183,280
0.266,280
8.604,280
0.167,280
0.239,280
0.182,280
0.185,280
0.173,280
0.19,280
0.171,280
0.245,280
0.192,280
0.347,280
0.183,280
0.179,280
7.937,280
8.001,280
7.986,280
0.187,280
7.895,280
0.088,280
0.081,280
0.088,280
0.104,280
0.084,280
0.091,280
0.094,280
0.09,280
0.087,280
0.077,280
8.389,280
0.174,280
8.202,280
0.18,280
0.198,280
0.171,280
7.919,280
0.169,280
7.456,280
0.323,280
8.977,280
0.183,280
