0.077,280
0.898,280
1.345,280
2.142,280
1.777,280
0.848,280
3.609,280
34.924,280
0.896,280
1.25,280
0.88,280
1.486,280
1.161,280
25.975,280
0.868,280
1.299,280
0.827,280
1.546,280
1.337,280
24.542,280
0.921,280
1.337,280
0.897,280
1.491,280
1.336,280
19.731,280
0.051,280
0.864,280
1.316,280
0.841,280
1.635,280
1.366,280
22.958,280
0.052,280
0.07,280
0.767,280
1.272,280
0.766,280
1.49,280
1.334,280
19.618,280
0.072,280
0.865,280
1.29,280
0.856,280
1.484,280
1.308,280
20.965,280
0.05,280
0.866,280
1.278,280
0.854,280
1.539,280
1.359,280
22.895,280
0.056,280
0.89,280
1.294,280
0.845,280
1.485,280
1.323,280
25.271,280
0.062,280
0.876,280
1.28,280
0.851,280
1.406,280
1.329,280
21.514,280
0.051,280
0.945,280
1.378,280
0.851,280
1.48,280
1.343,280
20.288,280
0.061,280
0.06,280
0.864,280
1.378,280
0.813,280
2.565,280
1.19,280
21.149,280
0.892,280
1.328,280
0.837,280
1.542,280
1.421,280
27.02,280
0.878,280
1.285,280
0.852,280
1.474,280
1.293,280
24.77,280
0.868,280
1.247,280
0.864,280
1.542,280
1.338,280
20.214,280
0.85,280
1.313,280
0.89,280
1.478,280
1.3,280
21.113,280
0.853,280
1.363,280
0.84,280
1.442,280
1.341,280
25.269,280
0.885,280
1.256,280
0.838,280
1.415,280
1.334,280
24.499,280
0.881,280
1.29,280
0.847,280
1.449,280
1.325,280
24.06,280
0.87,280
1.335,280
0.89,280
1.515,280
1.187,280
22.667,280
0.845,280
1.267,280
1.336,280
0.9,280
0.911,280
0.822,280
26.527,280
0.87,280
1.27,280
0.854,280
1.455,280
1.308,280
24.766,280
0.868,280
1.341,280
1.357,280
0.85,280
0.839,280
0.81,280
25.718,280
1.111,280
0.76,280
0.957,280
2.139,280
0.867,280
1.331,280
28.037,280
1.199,280
0.807,280
0.861,280
0.796,280
0.872,280
1.421,280
28.405,280
1.188,280
0.803,280
0.889,280
0.802,280
0.876,280
1.354,280
27.896,280
1.222,280
0.81,280
0.877,280
0.816,280
0.856,280
1.311,280
26.483,280
1.151,280
0.818,280
0.872,280
0.812,280
0.868,280
1.349,280
31.501,280
1.206,280
0.799,280
0.877,280
0.809,280
0.942,280
1.218,280
32.384,280
1.188,280
0.831,280
0.872,280
0.795,280
0.855,280
1.378,280
25.928,280
1.23,280
0.834,280
0.885,280
0.792,280
0.864,280
1.192,280
24.619,280
1.184,280
0.821,280
0.915,280
0.808,280
0.891,280
1.313,280
28.218,280
1.191,280
0.845,280
0.916,280
0.84,280
0.826,280
1.337,280
21.37,280
1.206,280
0.822,280
0.931,280
0.803,280
0.869,280
1.419,280
27.474,280
0.834,280
1.286,280
1.314,280
0.815,280
0.838,280
0.805,280
29.213,280
0.81,280
0.815,280
0.943,280
1.209,280
2.634,280
0.809,280
27.372,280
0.824,280
0.835,280
0.846,280
1.22,280
1.27,280
1.044,280
30.516,280
0.818,280
0.817,280
0.937,280
1.18,280
1.283,280
0.71,280
27.514,280
0.792,280
0.822,280
0.941,280
1.206,280
1.362,280
0.991,280
25.667,280
0.844,280
0.829,280
0.929,280
1.205,280
1.295,280
0.802,280
27.354,280
0.825,280
0.83,280
0.966,280
1.219,280
1.329,280
0.713,280
22.322,280
0.818,280
0.79,280
0.961,280
1.373,280
1.282,280
0.799,280
26.411,280
0.862,280
0.857,280
0.959,280
1.614,280
1.289,280
0.806,280
28.617,280
0.769,280
0.807,280
0.929,280
1.201,280
1.315,280
0.809,280
27.673,280
0.85,280
0.818,280
0.909,280
1.168,280
1.257,280
0.784,280
21.245,280
0.806,280
0.844,280
0.943,280
1.386,280
1.291,280
0.788,280
27.209,280
0.913,280
1.285,280
1.366,280
0.838,280
0.838,280
0.901,280
29.477,280
0.808,280
1.502,280
0.801,280
1.334,280
1.491,280
19.805,280
0.823,280
1.551,280
0.83,280
1.404,280
1.374,280
20.576,280
0.807,280
1.5,280
0.807,280
1.33,280
1.357,280
20.11,280
0.78,280
1.533,280
0.794,280
1.339,280
1.632,280
25.91,280
0.833,280
1.479,280
0.814,280
1.371,280
1.392,280
23.283,280
0.803,280
1.503,280
0.783,280
1.4,280
1.271,280
24.083,280
0.819,280
1.597,280
0.793,280
1.354,280
1.36,280
27.748,280
0.812,280
1.492,280
0.802,280
1.362,280
1.345,280
21.362,280
0.776,280
1.553,280
0.802,280
1.348,280
1.362,280
21.107,280
0.814,280
1.544,280
0.771,280
1.318,280
1.376,280
18.825,280
0.804,280
1.501,280
0.789,280
1.37,280
1.406,280
23.151,280
0.863,280
1.345,280
1.322,280
0.788,280
0.849,280
0.845,280
27.774,280
0.799,280
1.878,280
1.451,280
1.232,280
0.818,280
20.442,280
0.801,280
1.847,280
1.384,280
1.155,280
0.791,280
21.756,280
0.849,280
1.468,280
1.47,280
1.227,280
0.897,280
20.393,280
0.819,280
1.597,280
1.486,280
1.11,280
0.748,280
21.952,280
0.851,280
1.552,280
1.456,280
1.224,280
0.788,280
22.089,280
0.854,280
1.496,280
3.12,280
1.206,280
0.809,280
27.717,280
0.833,280
1.541,280
1.443,280
1.242,280
0.798,280
21.632,280
0.812,280
1.509,280
1.368,280
1.239,280
0.815,280
22.697,280
0.844,280
1.509,280
3.394,280
1.229,280
0.788,280
22.579,280
0.801,280
1.368,280
1.449,280
1.233,280
0.832,280
23.053,280
0.832,280
1.565,280
2.19,280
1.099,280
0.865,280
20.847,280
0.814,280
1.299,280
1.41,280
0.769,280
0.847,280
0.803,280
25.165,280
1.233,280
0.866,280
1.316,280
0.941,280
0.867,280
0.815,280
23.481,280
0.836,280
1.297,280
1.394,280
0.807,280
0.83,280
0.797,280
25.582,280
0.853,280
1.481,280
0.763,280
1.338,280
1.398,280
20.291,280
0.856,280
1.268,280
1.317,280
0.792,280
0.829,280
0.911,280
24.131,280
1.434,280
1.637,280
1.339,280
0.908,280
0.856,280
24.971,280
0.836,280
1.35,280
1.333,280
0.799,280
0.821,280
0.773,280
26.813,280
1.456,280
1.294,280
1.968,280
0.795,280
1.429,280
31.057,280
0.879,280
1.295,280
1.316,280
0.769,280
0.832,280
0.805,280
26.996,280
0.901,280
0.98,280
1.335,280
0.888,280
0.817,280
1.124,280
26.644,280
0.807,280
1.353,280
1.349,280
1.988,280
0.853,280
0.808,280
24.289,280
