0.111,280
0.108,280
0.03,280
0.025,280
0.094,280
0.03,280
0.107,280
0.111,280
0.097,280
0.11,280
0.108,280
0.125,280
0.108,280
0.104,280
0.03,280
0.112,280
0.108,280
0.103,280
0.16,280
0.117,280
0.119,280
0.11,280
0.106,280
0.109,280
0.106,280
0.102,280
0.107,280
0.102,280
0.104,280
0.097,280
0.103,280
0.109,280
0.109,280
0.101,280
0.104,280
0.028,280
0.105,280
0.106,280
0.096,280
0.134,280
0.127,280
0.118,280
0.112,280
0.114,280
0.1,280
0.108,280
0.03,280
0.028,280
0.026,280
0.133,280
0.11,280
0.094,280
0.107,280
0.078,280
0.095,280
0.102,280
0.099,280
0.1,280
0.098,280
0.03,280
