0.066,280
2.082,280
2.667,280
11.211,280
2.77,280
1.909,280
11.532,280
2.796,280
1.907,280
11.5,280
2.752,280
1.812,280
10.909,280
2.848,280
1.865,280
12.671,280
2.822,280
1.873,280
11.346,280
2.724,280
2.046,280
11.276,280
3.187,280
1.84,280
10.954,280
2.699,280
1.76,280
9.545,280
2.769,280
1.841,280
10.98,280
2.634,280
1.838,280
12.44,280
3.69,280
1.888,280
12.153,280
2.588,280
2.432,280
11.957,280
2.311,280
2.221,280
11.631,280
2.283,280
2.299,280
10.801,280
2.284,280
2.297,280
11.504,280
2.194,280
2.294,280
10.742,280
3.168,280
2.209,280
13.137,280
2.292,280
2.316,280
13.234,280
2.11,280
2.427,280
11.822,280
