147.616,280
173.094,280
145.994,280
159.457,280
139.654,280
160.206,280
178.393,280
136.856,280
148.103,280
211.207,280
157.59,280
188.44,280
148.846,280
155.888,280
144.759,280
150.234,280
142.283,280
149.275,280
141.651,280
144.274,280
142.083,280
146.563,280
139.603,280
138.403,280
150.118,280
148.707,280
139.15,280
149.669,280
163.203,280
141.664,280
154.268,280
147.643,280
141.031,280
162.337,280
151.007,280
146.828,280
148.092,280
150.081,280
186.885,280
154.792,280
145.566,280
147.804,280
144.659,280
141.687,280
142.903,280
149.751,280
142.864,280
143.355,280
151.505,280
152.952,280
148.794,280
146.029,280
150.043,280
144.836,280
149.271,280
144.192,280
148.251,280
141.474,280
148.382,280
146.627,280
147.935,280
146.454,280
144.497,280
151.083,280
144.07,280
156.453,280
157.76,280
150.897,280
153.45,280
152.157,280
155.231,280
146.075,280
152.796,280
145.022,280
156.235,280
152.076,280
157.001,280
147.685,280
161.782,280
148.189,280
159.093,280
152.239,280
152.779,280
159.171,280
154.722,280
157.493,280
166.101,280
155.781,280
159.189,280
154.89,280
149.391,280
155.429,280
153.036,280
152.798,280
157.68,280
156.352,280
159.474,280
162.992,280
156.775,280
161.189,280
152.024,280
157.689,280
149.734,280
169.242,280
156.518,280
159.417,280
139.252,280
137.813,280
245.601,280
139.931,280
136.536,280
169.501,280
162.55,280
161.99,280
159.995,280
199.553,280
157.865,280
188.015,280
183.977,280
159.725,280
161.328,280
167.885,280
158.028,280
172.18,280
229.93,280
168.14,280
153.348,280
158.786,280
154.071,280
157.615,280
155.031,280
153.494,280
156.327,280
161.204,280
146.909,280
168.012,280
158.381,280
166.072,280
162.438,280
160.049,280
180.325,280
154.332,280
156.748,280
160.082,280
147.166,280
156.043,280
158.903,280
156.707,280
144.185,280
161.708,280
621.84,280
149.417,280
155.844,280
156.646,280
159.822,280
157.891,280
156.025,280
146.361,280
155.775,280
152.338,280
160.443,280
149.727,280
238.5,280
154.134,280
151.134,280
157.245,280
148.089,280
156.496,280
156.901,280
155.584,280
154.604,280
161.86,280
155.551,280
152.802,280
143.248,280
153.422,280
158.457,280
156.335,280
160.935,280
161.254,280
164.914,280
153.486,280
156.86,280
166.666,280
151.501,280
151.076,280
151.649,280
156.663,280
154.289,280
150.916,280
153.51,280
157.512,280
151.244,280
156.508,280
157.262,280
154.094,280
148.519,280
155.843,280
161.447,280
166.761,280
147.82,280
