0.065,280
2.44,280
2.679,280
11.675,280
2.818,280
2.319,280
11.984,280
2.847,280
2.265,280
11.571,280
2.772,280
2.326,280
11.172,280
6.314,280
2.358,280
18.119,280
2.701,280
2.383,280
11.18,280
2.864,280
2.308,280
10.905,280
3.08,280
2.114,280
11.628,280
2.86,280
2.278,280
11.563,280
2.854,280
2.344,280
10.726,280
3.105,280
2.274,280
11.101,280
2.819,280
2.279,280
10.862,280
2.814,280
2.374,280
12.129,280
2.924,280
2.278,280
11.266,280
2.699,280
3.695,280
14.67,280
2.892,280
2.32,280
11.769,280
2.826,280
2.27,280
11.201,280
4.632,280
2.958,280
17.641,280
2.465,280
2.701,280
11.723,280
2.485,280
2.618,280
10.324,280
2.531,280
2.614,280
11.581,280
2.504,280
2.541,280
11.186,280
2.499,280
3.013,280
12.689,280
2.436,280
2.57,280
13.535,280
2.49,280
2.695,280
11.507,280
2.537,280
3.08,280
12.353,280
2.417,280
2.632,280
13.012,280
2.39,280
2.794,280
18.421,280
2.477,280
2.645,280
12.471,280
2.458,280
2.663,280
15.671,280
2.767,280
2.65,280
13.455,280
2.455,280
2.706,280
11.525,280
2.504,280
2.636,280
11.364,280
2.58,280
2.612,280
13.966,280
2.459,280
2.695,280
13.157,280
2.414,280
2.964,280
11.796,280
2.479,280
2.88,280
11.643,280
2.442,280
2.643,280
13.685,280
2.509,280
2.707,280
11.836,280
2.427,280
3.098,280
15.721,280
3.3,280
2.649,280
17.239,280
2.547,280
2.663,280
11.483,280
2.636,280
2.683,280
10.972,280
2.458,280
2.783,280
11.527,280
2.531,280
2.61,280
11.491,280
2.536,280
2.642,280
10.989,280
3.028,280
2.544,280
11.705,280
2.538,280
2.633,280
11.158,280
2.55,280
2.618,280
11.249,280
2.471,280
2.638,280
11.687,280
2.477,280
3.656,280
14.177,280
0.07,280
