0.172,280
0.153,280
0.173,280
0.157,280
0.146,280
0.172,280
0.185,280
0.166,280
0.191,280
0.156,280
0.218,280
0.148,280
0.19,280
0.153,280
0.209,280
9.77,280
0.136,280
0.142,280
6.789,280
7.83,280
0.158,280
0.155,280
10.752,280
5.911,280
13.589,280
0.154,280
0.139,280
5.902,280
0.158,280
6.114,280
8.97,280
10.429,280
6.382,280
0.153,280
0.2,280
0.163,280
5.71,280
6.903,280
7.186,280
6.067,280
9.409,280
6.17,280
16.189,280
0.187,280
7.246,280
8.387,280
7.772,280
5.996,280
6.151,280
5.822,280
10.504,280
14.232,280
6.826,280
6.11,280
8.133,280
8.138,280
5.953,280
6.024,280
0.156,280
7.546,280
6.365,280
5.901,280
6.55,280
7.166,280
5.793,280
6.769,280
5.883,280
6.142,280
0.175,280
0.153,280
8.817,280
6.985,280
6.195,280
6.116,280
6.067,280
5.954,280
6.042,280
0.206,280
8.128,280
11.849,280
0.196,280
6.398,280
5.948,280
6.118,280
0.166,280
6.427,280
7.655,280
8.034,280
8.42,280
5.856,280
6.116,280
8.183,280
6.626,280
6.793,280
5.924,280
6.304,280
7.084,280
0.158,280
6.77,280
6.157,280
5.978,280
6.998,280
6.808,280
10.108,280
7.015,280
0.182,280
13.797,280
6.622,280
6.931,280
0.159,280
5.887,280
7.811,280
7.353,280
7.45,280
8.369,280
5.931,280
0.154,280
5.906,280
9.555,280
13.698,280
6.039,280
6.223,280
0.142,280
5.824,280
7.174,280
5.915,280
6.47,280
5.918,280
6.398,280
6.731,280
6.575,280
6.27,280
5.946,280
9.482,280
5.849,280
6.22,280
11.269,280
7.891,280
6.391,280
10.963,280
9.166,280
5.808,280
0.151,280
6.635,280
11.626,280
6.102,280
6.279,280
13.181,280
9.66,280
9.945,280
11.554,280
0.177,280
11.175,280
6.382,280
11.532,280
6.017,280
6.085,280
6.227,280
6.761,280
8.446,280
6.27,280
6.022,280
7.612,280
6.042,280
8.675,280
7.623,280
6.041,280
7.243,280
6.158,280
7.304,280
9.396,280
6.869,280
9.756,280
7.077,280
7.185,280
8.958,280
6.622,280
6.292,280
8.861,280
7.529,280
7.06,280
7.017,280
9.713,280
7.723,280
5.927,280
8.605,280
6.553,280
6.408,280
8.977,280
6.31,280
6.135,280
6.063,280
6.468,280
0.167,280
6.057,280
0.165,280
6.46,280
9.252,280
0.158,280
6.765,280
5.948,280
0.155,280
0.446,280
0.187,280
0.186,280
0.179,280
0.205,280
0.184,280
0.181,280
0.209,280
0.188,280
0.193,280
0.193,280
0.354,280
0.182,280
0.247,280
0.242,280
0.232,280
0.19,280
0.337,280
0.359,280
0.172,280
0.186,280
0.334,280
0.217,280
0.36,280
0.338,280
0.228,280
0.24,280
0.184,280
0.186,280
11.544,280
0.331,280
12.054,280
9.675,280
0.239,280
9.76,280
10.812,280
0.183,280
10.971,280
8.68,280
0.186,280
11.29,280
8.204,280
9.675,280
0.177,280
0.264,280
0.192,280
0.186,280
9.278,280
0.188,280
0.187,280
0.242,280
0.396,280
0.27,280
0.177,280
9.574,280
0.185,280
7.9,280
0.27,280
7.855,280
0.185,280
8.79,280
0.24,280
7.66,280
0.189,280
0.199,280
0.212,280
15.871,280
0.332,280
0.186,280
0.188,280
0.247,280
0.191,280
0.165,280
0.336,280
0.188,280
0.358,280
0.186,280
0.173,280
7.844,280
8.363,280
0.236,280
9.276,280
7.592,280
0.185,280
0.268,280
0.19,280
7.451,280
7.708,280
0.222,280
8.811,280
0.171,280
7.713,280
0.227,280
0.052,280
0.065,280
0.317,280
0.195,280
0.229,280
8.331,280
0.087,280
0.087,280
0.328,280
8.304,280
0.089,280
0.085,280
0.172,280
9.323,280
0.091,280
0.153,280
0.183,280
8.621,280
0.088,280
0.076,280
