23.821,280
16.002,280
16.604,280
15.032,280
18.559,280
15.163,280
18.71,280
19.477,280
26.199,280
16.987,280
18.701,280
15.68,280
15.193,280
16.62,280
15.378,280
21.209,280
15.768,280
14.411,280
23.083,280
22.922,280
15.917,280
29.715,280
15.051,280
16.151,280
14.875,280
16.197,280
18.686,280
14.926,280
17.639,280
13.792,280
15.167,280
17.464,280
18.151,280
25.496,280
23.286,280
18.49,280
20.304,280
18.128,280
17.252,280
18.869,280
17.676,280
13.771,280
18.444,280
16.058,280
20.526,280
14.793,280
17.419,280
16.04,280
21.818,280
15.429,280
17.023,280
17.219,280
13.947,280
15.586,280
17.025,280
23.203,280
21.491,280
26.315,280
14.446,280
15.682,280
16.572,280
17.886,280
23.869,280
13.794,280
18.168,280
15.253,280
15.082,280
24.383,280
19.811,280
19.091,280
13.749,280
17.252,280
16.639,280
21.699,280
23.344,280
20.638,280
18.328,280
15.936,280
16.487,280
19.545,280
13.779,280
15.642,280
14.94,280
13.863,280
20.232,280
14.782,280
17.4,280
15.863,280
17.989,280
15.679,280
19.262,280
19.058,280
15.33,280
16.111,280
24.262,280
25.655,280
16.184,280
16.357,280
23.565,280
21.258,280
20.102,280
14.963,280
18.399,280
17.469,280
15.566,280
20.79,280
18.524,280
16.992,280
22.266,280
13.932,280
16.073,280
15.589,280
15.192,280
15.142,280
19.847,280
15.772,280
16.396,280
14.208,280
21.71,280
16.266,280
16.313,280
23.381,280
23.975,280
26.615,280
16.154,280
28.645,280
15.131,280
15.626,280
15.8,280
15.277,280
15.691,280
18.205,280
19.134,280
14.003,280
14.997,280
16.296,280
14.697,280
16.085,280
15.182,280
18.019,280
19.49,280
23.443,280
20.427,280
19.456,280
22.805,280
17.024,280
15.27,280
17.346,280
23.466,280
15.979,280
20.125,280
15.249,280
16.031,280
15.173,280
27.501,280
19.041,280
15.423,280
14.61,280
18.615,280
22.715,280
15.084,280
15.293,280
17.919,280
18.157,280
16.282,280
23.549,280
15.971,280
20.14,280
14.15,280
18.676,280
14.77,280
19.417,280
20.3,280
16.349,280
18.696,280
14.143,280
13.843,280
23.816,280
25.382,280
16.548,280
15.123,280
14.898,280
16.716,280
20.178,280
24.29,280
20.457,280
21.73,280
15.159,280
16.492,280
26.954,280
18.386,280
15.044,280
22.47,280
20.978,280
16.572,280
15.789,280
17.645,280
14.029,280
18.609,280
18.393,280
14.567,280
16.237,280
14.136,280
15.685,280
17.958,280
19.607,280
19.699,280
20.174,280
23.881,280
15.965,280
17.908,280
23.988,280
14.102,280
15.032,280
13.944,280
17.808,280
26.325,280
13.928,280
18.942,280
19.513,280
23.722,280
19.315,280
16.153,280
16.283,280
30.061,280
14.865,280
14.094,280
18.66,280
17.469,280
14.294,280
13.899,280
24.652,280
16.404,280
16.283,280
19.999,280
18.094,280
18.975,280
18.189,280
15.451,280
19.219,280
18.052,280
18.663,280
21.397,280
15.521,280
13.719,280
14.113,280
13.907,280
15.358,280
18.038,280
21.662,280
20.172,280
17.267,280
15.414,280
18.744,280
13.91,280
16.311,280
17.542,280
21.448,280
14.78,280
15.786,280
18.036,280
14.907,280
15.307,280
14.311,280
24.527,280
21.052,280
14.09,280
23.184,280
15.626,280
14.234,280
16.785,280
16.442,280
13.987,280
14.014,280
15.209,280
15.239,280
16.286,280
19.378,280
18.865,280
16.789,280
15.989,280
15.809,280
15.38,280
17.208,280
15.109,280
19.678,280
15.505,280
19.096,280
15.736,280
15.874,280
21.875,280
19.865,280
18.009,280
14.051,280
15.31,280
14.452,280
15.162,280
20.381,280
18.617,280
18.923,280
13.837,280
15.734,280
14.949,280
24.146,280
15.212,280
21.26,280
18.451,280
16.374,280
23.461,280
15.847,280
15.962,280
15.185,280
19.0,280
24.839,280
22.812,280
27.61,280
27.212,280
23.202,280
19.413,280
15.403,280
13.827,280
15.139,280
15.624,280
16.421,280
26.354,280
19.424,280
16.609,280
14.982,280
17.158,280
15.353,280
17.615,280
14.608,280
15.065,280
15.154,280
24.309,280
15.07,280
18.244,280
15.625,280
17.136,280
15.409,280
15.085,280
15.378,280
15.381,280
20.702,280
20.819,280
19.903,280
16.2,280
16.501,280
15.551,280
26.989,280
15.816,280
16.07,280
14.051,280
22.573,280
14.02,280
26.616,280
15.293,280
18.469,280
18.279,280
14.226,280
20.153,280
15.781,280
22.556,280
15.613,280
17.516,280
18.147,280
13.999,280
15.14,280
16.606,280
14.065,280
20.894,280
15.962,280
20.634,280
16.885,280
14.073,280
18.189,280
14.118,280
15.716,280
14.949,280
16.018,280
16.976,280
17.992,280
15.118,280
15.019,280
25.811,280
15.005,280
15.012,280
15.698,280
14.037,280
18.221,280
13.825,280
20.591,280
15.422,280
15.873,280
23.098,280
16.089,280
15.526,280
15.853,280
14.939,280
16.942,280
19.594,280
21.584,280
18.097,280
15.469,280
15.045,280
19.634,280
22.527,280
15.974,280
15.159,280
17.991,280
28.323,280
14.033,280
15.504,280
28.47,280
25.242,280
16.544,280
14.048,280
16.104,280
15.856,280
20.706,280
14.008,280
25.037,280
24.216,280
18.104,280
16.341,280
17.625,280
17.166,280
15.743,280
25.382,280
16.588,280
17.479,280
24.642,280
14.052,280
15.715,280
15.748,280
15.041,280
14.875,280
22.099,280
16.345,280
13.912,280
16.366,280
16.773,280
13.927,280
15.272,280
19.197,280
16.343,280
25.311,280
24.228,280
17.634,280
20.657,280
17.195,280
14.286,280
14.154,280
13.932,280
16.3,280
16.853,280
25.784,280
13.968,280
15.853,280
15.479,280
15.363,280
18.599,280
21.9,280
14.559,280
13.931,280
15.803,280
16.236,280
16.401,280
16.326,280
19.826,280
14.086,280
15.738,280
19.487,280
15.946,280
16.973,280
15.744,280
16.047,280
15.821,280
20.035,280
14.84,280
24.688,280
19.82,280
23.38,280
25.934,280
20.812,280
16.138,280
16.59,280
25.681,280
19.651,280
19.899,280
17.357,280
16.579,280
14.131,280
15.756,280
15.886,280
18.033,280
15.73,280
18.966,280
18.836,280
17.068,280
25.277,280
15.676,280
15.938,280
16.283,280
15.574,280
25.667,280
23.332,280
24.626,280
15.439,280
26.666,280
22.538,280
18.841,280
14.992,280
15.006,280
19.473,280
16.572,280
20.279,280
15.336,280
16.813,280
37.632,280
14.922,280
13.755,280
24.409,280
15.421,280
20.098,280
20.719,280
13.889,280
17.401,280
14.079,280
18.327,280
14.768,280
14.048,280
18.776,280
16.144,280
14.12,280
15.922,280
19.191,280
16.925,280
24.264,280
26.511,280
18.477,280
17.52,280
14.313,280
15.757,280
17.144,280
13.878,280
20.619,280
16.337,280
18.661,280
21.074,280
15.027,280
25.268,280
15.549,280
19.345,280
14.518,280
15.887,280
18.758,280
17.11,280
15.498,280
15.368,280
19.561,280
23.312,280
14.288,280
17.505,280
15.472,280
22.867,280
14.241,280
23.048,280
16.834,280
23.097,280
15.1,280
22.633,280
14.104,280
15.533,280
15.549,280
21.87,280
16.247,280
16.698,280
14.676,280
15.599,280
15.394,280
19.867,280
16.035,280
19.689,280
14.457,280
21.133,280
14.865,280
18.434,280
22.162,280
15.903,280
21.809,280
13.983,280
15.545,280
22.518,280
13.972,280
16.826,280
19.294,280
13.947,280
15.259,280
22.963,280
14.597,280
18.214,280
28.649,280
16.763,280
17.121,280
13.997,280
24.148,280
14.194,280
16.03,280
24.739,280
15.544,280
19.495,280
21.955,280
16.378,280
27.407,280
19.441,280
13.936,280
14.106,280
24.078,280
16.233,280
14.916,280
23.388,280
15.258,280
21.411,280
14.876,280
22.087,280
14.725,280
15.568,280
25.594,280
14.146,280
20.609,280
20.313,280
18.354,280
18.31,280
18.245,280
16.364,280
16.053,280
20.103,280
15.152,280
17.559,280
20.767,280
20.299,280
24.628,280
15.427,280
17.509,280
18.121,280
15.502,280
17.994,280
17.114,280
21.002,280
21.088,280
18.452,280
15.639,280
14.142,280
20.214,280
19.159,280
16.656,280
15.818,280
20.988,280
18.783,280
15.902,280
15.864,280
23.964,280
16.045,280
14.933,280
24.452,280
14.28,280
21.397,280
14.147,280
15.561,280
16.428,280
16.826,280
14.697,280
20.136,280
16.29,280
24.74,280
15.212,280
18.558,280
16.36,280
27.797,280
27.184,280
14.215,280
16.199,280
14.224,280
14.919,280
14.609,280
15.617,280
14.009,280
20.744,280
13.889,280
15.359,280
15.494,280
16.444,280
24.618,280
17.943,280
28.26,280
21.4,280
16.315,280
15.365,280
15.488,280
15.941,280
18.266,280
21.978,280
14.061,280
15.284,280
14.16,280
23.506,280
16.828,280
16.232,280
18.491,280
16.014,280
18.143,280
21.804,280
19.527,280
13.971,280
16.554,280
15.524,280
14.894,280
15.688,280
23.931,280
20.335,280
28.294,280
28.33,280
15.95,280
26.524,280
25.492,280
14.134,280
15.685,280
15.275,280
17.502,280
16.793,280
23.254,280
22.513,280
15.733,280
15.885,280
27.047,280
14.002,280
14.847,280
18.518,280
27.026,280
19.845,280
20.855,280
21.146,280
19.411,280
15.029,280
13.973,280
16.452,280
18.725,280
22.344,280
15.418,280
14.022,280
18.422,280
20.291,280
16.787,280
14.214,280
18.354,280
25.504,280
19.154,280
14.358,280
19.113,280
16.174,280
15.297,280
15.67,280
47.408,280
23.112,280
17.444,280
15.338,280
13.843,280
13.99,280
28.207,280
14.925,280
14.083,280
24.463,280
15.641,280
15.076,280
15.955,280
20.643,280
13.896,280
24.63,280
13.938,280
13.849,280
16.777,280
24.257,280
20.804,280
16.056,280
15.166,280
15.43,280
18.482,280
15.939,280
17.284,280
13.876,280
14.278,280
23.582,280
15.134,280
15.894,280
13.928,280
17.859,280
28.911,280
15.02,280
16.191,280
15.619,280
14.036,280
30.401,280
25.801,280
16.888,280
19.303,280
14.777,280
14.025,280
23.73,280
17.841,280
16.043,280
14.245,280
25.032,280
18.653,280
13.914,280
20.829,280
15.065,280
17.833,280
20.659,280
25.157,280
15.471,280
22.379,280
16.18,280
19.261,280
16.679,280
14.229,280
22.909,280
14.092,280
18.094,280
17.843,280
15.63,280
13.912,280
17.065,280
13.934,280
15.234,280
14.984,280
14.844,280
16.946,280
15.981,280
16.114,280
17.472,280
13.965,280
15.86,280
22.874,280
17.975,280
16.298,280
15.638,280
18.565,280
14.183,280
18.778,280
26.544,280
14.826,280
20.973,280
13.915,280
20.015,280
18.626,280
15.296,280
14.67,280
14.04,280
15.623,280
24.494,280
26.449,280
21.379,280
19.869,280
16.149,280
15.121,280
19.469,280
20.506,280
21.956,280
15.353,280
15.463,280
15.197,280
22.352,280
18.014,280
16.739,280
16.735,280
17.502,280
15.405,280
18.131,280
15.872,280
15.647,280
23.123,280
13.886,280
20.622,280
23.869,280
15.216,280
15.63,280
14.423,280
15.108,280
16.26,280
20.201,280
20.931,280
14.974,280
15.593,280
15.239,280
25.915,280
15.172,280
14.242,280
25.256,280
16.325,280
14.071,280
13.964,280
17.307,280
25.237,280
17.118,280
14.109,280
17.963,280
15.47,280
17.924,280
14.324,280
25.523,280
15.652,280
15.795,280
16.287,280
15.825,280
16.14,280
15.782,280
14.093,280
15.262,280
15.217,280
14.207,280
19.353,280
15.332,280
20.866,280
15.652,280
20.101,280
26.083,280
14.188,280
14.463,280
28.073,280
17.244,280
21.606,280
20.671,280
16.173,280
17.401,280
16.893,280
15.895,280
13.779,280
19.803,280
16.123,280
14.892,280
39.12,280
18.83,280
25.535,280
17.825,280
27.466,280
26.752,280
15.499,280
23.272,280
14.216,280
28.274,280
15.283,280
14.105,280
15.922,280
20.124,280
14.721,280
28.674,280
15.112,280
28.323,280
16.65,280
15.792,280
15.815,280
17.999,280
23.729,280
16.779,280
16.09,280
23.958,280
13.929,280
24.606,280
25.531,280
14.065,280
18.521,280
24.287,280
19.127,280
21.597,280
24.29,280
14.044,280
13.845,280
16.11,280
21.639,280
20.727,280
16.941,280
14.307,280
15.062,280
18.272,280
16.448,280
14.191,280
23.726,280
25.052,280
25.27,280
15.297,280
25.746,280
19.333,280
21.213,280
15.161,280
17.417,280
20.627,280
15.826,280
14.31,280
15.63,280
17.122,280
17.656,280
15.582,280
22.425,280
23.224,280
26.569,280
14.214,280
15.821,280
22.998,280
25.609,280
17.043,280
21.066,280
16.765,280
14.867,280
14.461,280
16.407,280
17.642,280
16.686,280
26.711,280
26.32,280
17.545,280
16.162,280
23.369,280
14.417,280
23.057,280
13.825,280
21.69,280
14.041,280
23.853,280
20.673,280
15.635,280
15.912,280
15.27,280
14.854,280
19.668,280
17.478,280
23.152,280
16.248,280
14.015,280
16.007,280
14.304,280
18.13,280
17.841,280
15.512,280
22.085,280
16.428,280
17.433,280
15.905,280
13.969,280
15.292,280
14.325,280
14.243,280
13.891,280
15.294,280
22.727,280
17.151,280
14.248,280
19.012,280
17.579,280
16.518,280
19.511,280
25.232,280
24.899,280
14.396,280
17.558,280
15.093,280
14.335,280
15.145,280
16.108,280
16.414,280
24.654,280
29.666,280
18.282,280
15.756,280
14.033,280
24.378,280
13.993,280
15.945,280
15.79,280
14.237,280
18.572,280
18.882,280
15.904,280
14.287,280
19.383,280
19.073,280
16.432,280
22.407,280
15.89,280
16.785,280
16.405,280
14.161,280
25.185,280
17.229,280
19.686,280
15.041,280
14.103,280
14.679,280
17.313,280
17.321,280
15.233,280
15.585,280
14.911,280
16.69,280
18.18,280
14.456,280
15.545,280
16.853,280
16.074,280
14.085,280
16.156,280
19.603,280
14.829,280
20.951,280
16.115,280
16.306,280
16.072,280
14.789,280
14.155,280
16.28,280
25.646,280
18.025,280
18.004,280
14.257,280
14.197,280
23.238,280
14.441,280
25.3,280
17.373,280
21.166,280
18.993,280
16.047,280
14.591,280
14.986,280
22.34,280
22.718,280
14.278,280
18.388,280
14.492,280
14.502,280
15.107,280
16.475,280
15.739,280
15.434,280
15.403,280
15.904,280
20.295,280
19.59,280
16.356,280
16.822,280
14.572,280
24.031,280
15.473,280
14.334,280
16.154,280
18.786,280
15.816,280
17.457,280
14.768,280
15.461,280
21.128,280
27.208,280
31.355,280
14.089,280
16.148,280
17.436,280
15.548,280
19.452,280
16.191,280
16.522,280
16.32,280
19.292,280
19.915,280
15.062,280
18.928,280
16.058,280
16.083,280
15.493,280
19.816,280
17.763,280
15.624,280
19.5,280
21.425,280
16.382,280
14.126,280
15.7,280
15.405,280
22.234,280
19.288,280
14.293,280
26.824,280
22.403,280
14.049,280
14.177,280
16.119,280
15.906,280
26.829,280
14.221,280
15.243,280
17.814,280
29.853,280
13.964,280
15.859,280
23.997,280
19.019,280
16.532,280
28.755,280
25.009,280
17.922,280
14.106,280
14.441,280
28.223,280
15.472,280
19.675,280
20.88,280
20.099,280
16.58,280
15.446,280
21.406,280
20.129,280
15.835,280
19.032,280
14.027,280
17.733,280
19.821,280
17.552,280
23.939,280
24.191,280
15.802,280
14.332,280
16.484,280
26.463,280
14.292,280
17.984,280
18.526,280
21.067,280
26.882,280
18.741,280
14.043,280
22.149,280
17.564,280
16.572,280
18.988,280
14.13,280
14.237,280
16.29,280
16.619,280
17.232,280
15.376,280
19.564,280
23.195,280
20.046,280
23.982,280
13.969,280
16.355,280
14.073,280
14.081,280
22.59,280
14.208,280
15.135,280
22.669,280
14.005,280
22.536,280
22.315,280
14.161,280
18.621,280
20.004,280
16.996,280
21.107,280
14.133,280
19.845,280
16.017,280
15.183,280
14.88,280
14.418,280
14.323,280
18.469,280
15.638,280
15.513,280
22.966,280
22.651,280
20.17,280
14.025,280
15.583,280
22.715,280
16.574,280
17.368,280
15.811,280
20.101,280
14.368,280
21.027,280
17.991,280
14.256,280
14.242,280
16.679,280
21.948,280
15.854,280
16.844,280
13.972,280
14.233,280
21.7,280
15.742,280
14.595,280
21.816,280
16.37,280
15.725,280
14.093,280
15.956,280
25.54,280
29.849,280
20.483,280
15.632,280
23.1,280
22.948,280
16.293,280
16.54,280
27.023,280
19.568,280
18.03,280
14.229,280
14.022,280
15.846,280
20.22,280
20.785,280
22.391,280
20.792,280
26.199,280
19.142,280
24.991,280
14.002,280
18.29,280
16.732,280
17.314,280
15.134,280
23.76,280
14.044,280
17.917,280
20.701,280
14.274,280
20.988,280
15.225,280
17.379,280
27.003,280
14.264,280
20.739,280
15.239,280
16.6,280
14.271,280
20.503,280
16.224,280
14.075,280
17.868,280
14.41,280
16.359,280
16.759,280
19.547,280
15.568,280
14.792,280
25.067,280
16.575,280
17.917,280
14.394,280
15.517,280
21.144,280
26.114,280
14.071,280
28.368,280
15.745,280
15.34,280
14.221,280
23.284,280
17.348,280
16.212,280
19.108,280
27.457,280
18.057,280
16.32,280
21.878,280
31.284,280
15.685,280
14.721,280
21.785,280
16.584,280
16.446,280
16.044,280
13.986,280
16.118,280
22.155,280
15.702,280
18.374,280
24.022,280
18.093,280
15.602,280
18.871,280
16.917,280
14.039,280
14.019,280
16.044,280
20.743,280
15.858,280
17.923,280
15.713,280
14.114,280
23.014,280
13.934,280
19.192,280
14.26,280
14.332,280
16.054,280
23.388,280
16.407,280
14.5,280
14.388,280
14.071,280
17.001,280
15.753,280
25.514,280
15.6,280
19.034,280
26.346,280
21.017,280
14.024,280
13.942,280
14.045,280
22.276,280
14.767,280
14.266,280
20.355,280
15.236,280
19.892,280
15.14,280
16.453,280
15.453,280
15.422,280
15.106,280
14.584,280
16.235,280
14.076,280
15.207,280
15.572,280
14.875,280
18.883,280
15.532,280
14.064,280
15.247,280
22.529,280
17.265,280
21.484,280
16.526,280
21.484,280
16.815,280
16.616,280
14.286,280
22.171,280
15.244,280
19.798,280
17.141,280
17.201,280
16.812,280
16.805,280
16.951,280
15.955,280
22.676,280
14.025,280
20.127,280
13.978,280
28.29,280
22.81,280
14.958,280
18.087,280
15.485,280
24.632,280
16.964,280
14.089,280
14.889,280
20.71,280
25.004,280
19.232,280
20.366,280
25.007,280
15.42,280
16.169,280
22.734,280
26.895,280
26.159,280
15.337,280
15.407,280
22.094,280
13.854,280
15.414,280
16.841,280
20.289,280
15.526,280
22.18,280
15.81,280
15.383,280
16.868,280
16.241,280
17.151,280
17.147,280
15.669,280
14.105,280
15.426,280
13.935,280
27.248,280
14.229,280
18.447,280
16.29,280
14.679,280
20.555,280
16.428,280
15.105,280
18.737,280
18.385,280
14.433,280
16.493,280
15.831,280
18.52,280
26.544,280
18.194,280
15.95,280
32.52,280
15.994,280
23.84,280
20.206,280
15.391,280
16.769,280
28.293,280
19.594,280
14.629,280
16.651,280
17.824,280
14.897,280
17.25,280
15.751,280
16.21,280
19.204,280
20.594,280
19.113,280
21.165,280
17.257,280
17.515,280
16.114,280
19.197,280
20.249,280
24.64,280
21.335,280
23.179,280
14.438,280
15.195,280
21.065,280
18.992,280
14.352,280
14.713,280
14.297,280
16.239,280
15.501,280
22.668,280
17.301,280
14.388,280
22.734,280
14.52,280
19.292,280
15.299,280
18.633,280
16.291,280
16.143,280
14.859,280
18.482,280
28.957,280
15.577,280
28.069,280
18.834,280
21.644,280
14.587,280
17.026,280
25.319,280
17.811,280
16.281,280
18.926,280
23.721,280
17.155,280
20.969,280
14.175,280
16.068,280
16.54,280
21.338,280
15.414,280
20.031,280
21.264,280
21.418,280
17.036,280
16.506,280
14.175,280
17.67,280
14.57,280
24.875,280
22.213,280
15.583,280
20.947,280
23.476,280
16.973,280
18.607,280
24.133,280
25.205,280
18.346,280
15.885,280
19.439,280
19.604,280
14.343,280
21.274,280
15.562,280
21.125,280
16.09,280
14.619,280
16.085,280
20.317,280
14.658,280
20.992,280
14.45,280
17.661,280
14.741,280
17.488,280
16.216,280
17.02,280
19.432,280
20.949,280
16.026,280
18.633,280
26.156,280
15.76,280
23.182,280
15.621,280
16.235,280
14.464,280
19.598,280
15.8,280
14.496,280
16.353,280
14.439,280
19.143,280
26.199,280
39.554,280
25.166,280
18.733,280
14.912,280
20.527,280
15.877,280
20.014,280
18.085,280
15.313,280
19.848,280
14.452,280
15.415,280
14.566,280
14.37,280
15.285,280
28.517,280
24.475,280
14.538,280
22.474,280
18.138,280
25.649,280
16.491,280
19.051,280
16.699,280
18.796,280
21.906,280
14.819,280
16.25,280
16.607,280
16.505,280
16.32,280
15.035,280
19.087,280
24.469,280
17.218,280
17.494,280
14.453,280
22.666,280
17.032,280
24.313,280
29.04,280
14.584,280
18.31,280
16.183,280
20.736,280
17.013,280
18.86,280
25.351,280
16.858,280
22.481,280
22.647,280
15.217,280
14.537,280
17.89,280
15.82,280
31.069,280
20.659,280
16.952,280
21.817,280
16.405,280
19.937,280
15.661,280
19.756,280
14.353,280
18.677,280
16.732,280
17.393,280
17.707,280
27.894,280
14.336,280
20.235,280
23.254,280
18.656,280
19.074,280
17.449,280
20.681,280
18.396,280
24.732,280
22.157,280
20.829,280
16.554,280
15.976,280
16.631,280
14.419,280
16.26,280
14.368,280
18.487,280
17.946,280
18.443,280
14.237,280
18.098,280
21.852,280
26.406,280
15.188,280
17.796,280
15.79,280
14.248,280
18.026,280
14.38,280
15.498,280
14.874,280
20.604,280
15.852,280
15.298,280
17.722,280
16.094,280
14.77,280
18.045,280
22.23,280
20.737,280
16.129,280
14.235,280
14.311,280
16.871,280
14.768,280
15.322,280
18.337,280
14.126,280
14.382,280
15.317,280
24.273,280
16.456,280
25.828,280
18.044,280
23.063,280
17.3,280
15.187,280
15.768,280
25.305,280
19.276,280
24.187,280
14.281,280
17.41,280
17.746,280
20.461,280
15.704,280
16.285,280
24.692,280
19.332,280
20.476,280
18.766,280
17.907,280
22.855,280
17.557,280
17.961,280
27.186,280
15.146,280
25.941,280
26.387,280
18.065,280
18.462,280
16.936,280
18.3,280
23.701,280
14.627,280
14.162,280
29.217,280
27.823,280
19.704,280
14.336,280
36.828,280
21.816,280
18.744,280
15.692,280
14.877,280
14.429,280
16.236,280
23.523,280
16.781,280
16.097,280
15.29,280
15.29,280
15.685,280
18.639,280
18.52,280
27.092,280
14.399,280
16.436,280
20.464,280
14.546,280
18.692,280
22.008,280
22.992,280
15.951,280
19.856,280
16.766,280
21.778,280
21.841,280
16.421,280
37.463,280
15.813,280
22.016,280
14.333,280
18.263,280
16.337,280
21.683,280
19.094,280
20.784,280
22.686,280
17.772,280
16.129,280
18.357,280
14.81,280
22.531,280
14.541,280
24.173,280
20.391,280
15.997,280
16.178,280
26.743,280
24.558,280
17.295,280
15.634,280
23.275,280
20.644,280
15.073,280
17.532,280
15.978,280
14.713,280
16.21,280
14.158,280
15.244,280
16.975,280
21.205,280
14.311,280
15.503,280
16.084,280
15.896,280
18.918,280
23.424,280
18.449,280
14.334,280
15.537,280
17.12,280
23.026,280
27.073,280
27.366,280
15.23,280
14.314,280
15.593,280
27.862,280
29.419,280
23.384,280
14.367,280
15.526,280
16.308,280
16.488,280
21.311,280
14.353,280
18.667,280
24.342,280
18.574,280
18.213,280
19.215,280
16.894,280
16.566,280
16.734,280
22.213,280
18.119,280
15.568,280
18.747,280
14.744,280
22.856,280
21.922,280
20.697,280
14.512,280
15.674,280
18.392,280
19.146,280
18.633,280
16.738,280
16.313,280
18.803,280
14.548,280
21.657,280
19.83,280
14.491,280
17.659,280
19.088,280
16.222,280
16.474,280
25.515,280
25.514,280
19.933,280
23.2,280
21.239,280
16.251,280
14.922,280
17.668,280
16.072,280
16.655,280
15.792,280
21.516,280
23.081,280
15.683,280
15.545,280
15.171,280
16.574,280
17.16,280
19.179,280
16.364,280
25.897,280
18.922,280
17.073,280
28.548,280
14.429,280
18.595,280
14.247,280
16.009,280
16.192,280
16.346,280
25.364,280
20.818,280
18.715,280
14.467,280
17.612,280
25.865,280
21.373,280
14.458,280
21.858,280
15.361,280
14.703,280
19.0,280
15.628,280
14.265,280
15.954,280
18.364,280
19.347,280
19.983,280
15.762,280
18.659,280
14.753,280
14.979,280
20.658,280
24.002,280
15.878,280
15.775,280
16.221,280
17.982,280
24.287,280
16.579,280
16.768,280
20.368,280
15.967,280
17.437,280
23.801,280
23.434,280
21.323,280
20.038,280
22.284,280
23.989,280
21.68,280
22.041,280
16.578,280
24.761,280
26.41,280
22.066,280
14.569,280
15.516,280
19.761,280
18.53,280
15.494,280
14.93,280
25.665,280
26.806,280
16.56,280
16.722,280
16.119,280
25.331,280
14.202,280
14.982,280
20.131,280
17.3,280
15.76,280
18.713,280
14.579,280
18.885,280
25.53,280
19.574,280
26.119,280
14.433,280
14.369,280
16.092,280
14.383,280
25.232,280
22.97,280
19.014,280
14.73,280
14.471,280
14.289,280
16.05,280
24.771,280
16.214,280
18.227,280
16.102,280
25.008,280
20.108,280
22.615,280
16.305,280
19.607,280
16.185,280
15.739,280
20.462,280
15.374,280
18.016,280
26.099,280
16.466,280
16.653,280
18.737,280
23.587,280
15.229,280
23.414,280
23.358,280
15.331,280
19.281,280
15.665,280
16.499,280
16.182,280
15.983,280
21.109,280
14.602,280
14.553,280
16.064,280
14.548,280
20.035,280
17.104,280
23.174,280
18.053,280
18.223,280
15.598,280
16.472,280
19.1,280
16.318,280
17.052,280
23.498,280
14.424,280
17.03,280
16.277,280
18.531,280
14.721,280
17.663,280
15.78,280
20.026,280
15.832,280
17.078,280
20.905,280
15.482,280
21.707,280
19.437,280
24.939,280
18.738,280
16.805,280
23.924,280
14.55,280
15.831,280
16.71,280
15.322,280
16.252,280
16.762,280
16.805,280
15.52,280
16.855,280
16.406,280
17.956,280
16.939,280
16.206,280
16.807,280
20.423,280
21.814,280
26.501,280
16.867,280
24.991,280
15.051,280
20.584,280
25.904,280
14.74,280
16.474,280
26.855,280
17.568,280
19.796,280
24.054,280
14.408,280
16.314,280
16.29,280
27.806,280
17.855,280
21.72,280
20.769,280
16.93,280
14.591,280
15.595,280
16.289,280
15.282,280
16.273,280
14.361,280
18.398,280
16.016,280
24.647,280
23.931,280
14.222,280
18.782,280
18.221,280
26.554,280
19.776,280
19.212,280
14.206,280
24.456,280
18.552,280
16.745,280
16.7,280
18.653,280
14.853,280
20.334,280
24.164,280
16.453,280
14.621,280
20.63,280
16.63,280
16.405,280
21.536,280
14.462,280
17.405,280
34.893,280
15.653,280
20.726,280
19.512,280
16.421,280
15.313,280
15.999,280
22.302,280
26.611,280
16.334,280
17.647,280
17.905,280
24.896,280
14.927,280
18.755,280
14.551,280
21.706,280
21.32,280
21.241,280
17.728,280
15.776,280
23.467,280
15.463,280
16.218,280
19.202,280
20.644,280
15.566,280
16.374,280
20.232,280
22.022,280
16.572,280
14.592,280
15.99,280
24.832,280
22.817,280
27.577,280
22.277,280
26.52,280
19.642,280
15.438,280
20.09,280
25.158,280
23.879,280
21.734,280
14.824,280
25.781,280
14.07,280
15.965,280
25.357,280
14.412,280
19.63,280
21.163,280
14.524,280
26.078,280
25.529,280
16.141,280
15.898,280
19.56,280
24.051,280
15.61,280
15.255,280
20.448,280
16.474,280
16.042,280
24.461,280
24.45,280
22.749,280
20.996,280
15.94,280
23.696,280
15.45,280
14.225,280
25.569,280
25.172,280
21.751,280
20.277,280
26.697,280
22.833,280
16.723,280
14.444,280
14.278,280
24.847,280
16.641,280
28.832,280
21.905,280
14.59,280
14.336,280
14.474,280
18.413,280
22.061,280
15.689,280
19.097,280
16.535,280
16.817,280
14.694,280
17.483,280
25.071,280
15.445,280
19.495,280
16.907,280
22.287,280
20.152,280
15.86,280
15.095,280
27.651,280
19.737,280
17.657,280
15.67,280
17.333,280
19.349,280
20.507,280
16.432,280
17.039,280
15.84,280
14.197,280
15.483,280
16.504,280
16.018,280
14.312,280
26.034,280
19.097,280
25.149,280
26.226,280
19.694,280
24.014,280
15.741,280
28.563,280
16.352,280
19.89,280
16.531,280
14.287,280
22.846,280
23.159,280
15.463,280
20.689,280
20.027,280
15.5,280
18.408,280
16.736,280
24.928,280
14.542,280
16.018,280
15.114,280
16.747,280
16.139,280
25.737,280
18.578,280
22.045,280
23.963,280
15.384,280
16.036,280
23.687,280
24.762,280
20.754,280
18.473,280
14.368,280
16.286,280
14.28,280
36.778,280
22.612,280
27.05,280
17.734,280
17.166,280
24.425,280
16.557,280
23.103,280
14.611,280
16.607,280
20.512,280
14.431,280
27.062,280
18.312,280
25.427,280
22.772,280
15.81,280
22.073,280
15.218,280
15.651,280
16.388,280
21.058,280
17.898,280
16.826,280
21.411,280
18.65,280
15.189,280
19.384,280
21.418,280
23.104,280
19.903,280
21.775,280
23.152,280
17.191,280
23.023,280
14.196,280
19.342,280
20.125,280
23.074,280
16.087,280
16.874,280
14.471,280
21.827,280
25.939,280
14.493,280
15.885,280
18.982,280
16.518,280
16.306,280
19.686,280
18.175,280
21.796,280
24.99,280
14.348,280
15.518,280
19.162,280
14.199,280
21.472,280
16.678,280
14.352,280
18.206,280
15.178,280
19.638,280
17.741,280
17.115,280
18.747,280
18.036,280
16.183,280
14.727,280
21.477,280
15.603,280
16.49,280
17.578,280
40.398,280
27.363,280
15.363,280
15.414,280
17.247,280
19.219,280
24.49,280
14.814,280
20.221,280
18.206,280
21.52,280
19.263,280
19.587,280
21.926,280
17.904,280
18.034,280
15.883,280
18.056,280
21.443,280
15.679,280
23.958,280
18.417,280
15.705,280
20.395,280
15.136,280
16.902,280
14.375,280
15.327,280
20.607,280
16.115,280
17.981,280
17.492,280
18.117,280
14.711,280
24.135,280
15.665,280
20.371,280
16.082,280
18.715,280
16.898,280
14.184,280
16.965,280
21.417,280
22.425,280
18.383,280
14.288,280
14.39,280
16.068,280
19.559,280
19.341,280
14.185,280
14.95,280
21.135,280
19.526,280
17.676,280
14.409,280
18.605,280
14.489,280
25.372,280
14.729,280
16.189,280
18.957,280
14.296,280
16.347,280
14.505,280
19.225,280
15.19,280
15.825,280
17.373,280
15.965,280
16.081,280
20.949,280
15.966,280
16.606,280
18.978,280
16.346,280
24.744,280
14.619,280
20.071,280
23.058,280
16.241,280
15.505,280
16.521,280
23.792,280
19.522,280
22.447,280
16.579,280
15.74,280
26.227,280
18.337,280
17.386,280
15.411,280
16.131,280
16.445,280
23.42,280
14.941,280
15.301,280
15.676,280
16.714,280
16.224,280
17.452,280
19.729,280
26.608,280
21.944,280
14.787,280
22.578,280
19.853,280
19.039,280
16.759,280
20.459,280
21.493,280
14.433,280
16.907,280
16.0,280
14.624,280
18.139,280
16.786,280
22.232,280
15.254,280
17.581,280
15.371,280
19.689,280
15.963,280
14.552,280
27.073,280
14.398,280
20.48,280
16.245,280
19.491,280
19.838,280
17.42,280
16.323,280
17.467,280
25.212,280
14.54,280
15.798,280
14.455,280
20.551,280
15.006,280
20.099,280
14.349,280
18.484,280
16.794,280
20.137,280
16.094,280
17.74,280
19.893,280
23.169,280
16.731,280
26.516,280
14.839,280
26.276,280
17.315,280
14.32,280
21.254,280
14.829,280
20.044,280
21.121,280
25.726,280
17.034,280
14.666,280
22.373,280
18.523,280
25.697,280
15.572,280
14.47,280
14.408,280
15.583,280
23.843,280
14.43,280
15.5,280
16.025,280
23.09,280
17.639,280
20.83,280
15.454,280
16.233,280
21.826,280
24.038,280
15.192,280
15.029,280
19.53,280
20.795,280
21.35,280
21.344,280
22.569,280
15.524,280
14.249,280
15.562,280
22.615,280
20.515,280
27.042,280
15.743,280
16.869,280
18.645,280
17.163,280
17.679,280
16.179,280
21.412,280
16.927,280
16.688,280
15.242,280
14.484,280
19.188,280
25.706,280
18.545,280
15.21,280
25.242,280
22.192,280
21.722,280
19.967,280
15.458,280
18.813,280
15.993,280
16.796,280
18.294,280
28.178,280
24.203,280
17.765,280
22.563,280
22.519,280
25.791,280
19.94,280
20.104,280
22.301,280
20.411,280
17.584,280
21.69,280
20.03,280
18.932,280
23.832,280
26.206,280
15.582,280
20.623,280
14.675,280
16.085,280
20.427,280
20.519,280
15.347,280
18.151,280
14.443,280
21.732,280
14.495,280
14.485,280
17.048,280
15.287,280
17.765,280
14.294,280
14.285,280
15.623,280
19.881,280
18.268,280
15.436,280
20.277,280
22.518,280
24.557,280
16.857,280
27.994,280
16.089,280
14.462,280
28.317,280
14.431,280
26.54,280
19.256,280
14.568,280
16.678,280
16.549,280
14.99,280
25.295,280
22.727,280
18.329,280
14.424,280
18.272,280
16.409,280
19.476,280
15.426,280
18.819,280
14.321,280
15.542,280
16.239,280
15.841,280
16.942,280
20.006,280
20.541,280
15.018,280
14.238,280
18.379,280
18.26,280
22.435,280
21.131,280
15.667,280
16.095,280
17.992,280
24.258,280
16.078,280
16.581,280
21.987,280
14.383,280
17.193,280
16.446,280
16.815,280
18.756,280
18.562,280
16.747,280
22.015,280
14.456,280
21.214,280
14.262,280
19.476,280
21.871,280
15.035,280
15.52,280
16.648,280
22.988,280
20.905,280
15.874,280
25.538,280
15.869,280
16.275,280
17.81,280
15.833,280
15.596,280
15.639,280
22.483,280
22.23,280
19.808,280
14.617,280
24.432,280
15.254,280
18.172,280
22.321,280
21.347,280
15.655,280
21.312,280
21.371,280
19.729,280
26.426,280
14.414,280
27.591,280
22.914,280
14.215,280
14.325,280
20.295,280
16.336,280
15.911,280
14.208,280
16.312,280
16.086,280
19.895,280
16.781,280
14.305,280
19.611,280
16.791,280
20.15,280
18.612,280
15.942,280
15.792,280
15.258,280
23.463,280
16.246,280
15.827,280
16.719,280
16.343,280
21.646,280
16.01,280
16.938,280
16.256,280
14.392,280
19.137,280
20.372,280
27.523,280
14.216,280
20.141,280
15.212,280
21.176,280
14.89,280
15.712,280
21.141,280
24.878,280
15.586,280
21.614,280
16.189,280
17.84,280
21.104,280
24.504,280
23.088,280
18.721,280
14.541,280
27.031,280
27.733,280
19.295,280
14.496,280
21.344,280
25.877,280
20.075,280
16.099,280
15.268,280
14.359,280
17.405,280
18.45,280
14.575,280
17.311,280
16.439,280
25.827,280
20.039,280
16.078,280
19.182,280
17.011,280
25.134,280
17.223,280
15.814,280
19.988,280
25.032,280
16.645,280
16.396,280
19.643,280
22.778,280
29.524,280
15.645,280
16.949,280
16.099,280
20.764,280
24.874,280
14.459,280
15.774,280
20.476,280
19.059,280
15.48,280
17.925,280
17.527,280
15.059,280
32.445,280
16.955,280
21.152,280
14.688,280
14.98,280
16.674,280
17.342,280
17.237,280
27.783,280
16.868,280
16.545,280
14.484,280
15.309,280
18.355,280
15.85,280
16.087,280
15.82,280
15.621,280
16.58,280
14.43,280
25.434,280
21.662,280
15.255,280
15.6,280
15.299,280
17.89,280
26.144,280
16.947,280
19.159,280
19.411,280
21.634,280
18.294,280
24.566,280
22.002,280
20.265,280
25.086,280
17.137,280
14.489,280
24.444,280
15.177,280
15.123,280
26.034,280
18.351,280
25.278,280
23.182,280
28.251,280
14.711,280
17.172,280
14.22,280
14.46,280
14.202,280
14.542,280
14.343,280
16.61,280
20.297,280
14.307,280
14.433,280
14.544,280
16.075,280
14.429,280
14.385,280
18.699,280
21.511,280
23.372,280
15.845,280
16.562,280
14.411,280
22.244,280
28.074,280
14.374,280
20.926,280
14.409,280
21.515,280
14.519,280
14.241,280
14.31,280
25.47,280
15.645,280
14.595,280
15.758,280
14.152,280
15.958,280
15.389,280
19.216,280
14.416,280
16.997,280
25.06,280
14.334,280
15.976,280
25.276,280
14.266,280
16.807,280
15.963,280
14.451,280
14.16,280
14.351,280
17.27,280
14.441,280
25.99,280
14.424,280
17.65,280
14.441,280
14.564,280
24.169,280
14.401,280
23.791,280
14.493,280
16.943,280
19.035,280
14.289,280
19.11,280
21.068,280
18.677,280
21.841,280
26.757,280
18.347,280
17.889,280
17.144,280
14.4,280
94.861,280
16.808,280
15.201,280
19.805,280
16.288,280
25.474,280
16.829,280
27.648,280
16.579,280
20.458,280
20.032,280
16.485,280
15.08,280
16.545,280
16.708,280
15.776,280
20.523,280
18.204,280
16.978,280
20.466,280
16.28,280
25.606,280
14.444,280
16.098,280
16.301,280
22.695,280
15.735,280
16.438,280
15.472,280
25.216,280
14.818,280
15.851,280
23.249,280
26.873,280
19.345,280
16.784,280
36.734,280
18.548,280
15.502,280
17.459,280
19.587,280
20.468,280
21.204,280
15.961,280
21.603,280
15.439,280
15.223,280
14.349,280
25.118,280
17.567,280
26.032,280
15.955,280
22.656,280
26.416,280
16.339,280
21.592,280
14.535,280
16.5,280
15.795,280
19.687,280
15.468,280
28.369,280
16.296,280
16.593,280
16.611,280
17.946,280
14.51,280
25.208,280
21.762,280
14.493,280
18.214,280
25.776,280
24.034,280
21.317,280
29.911,280
24.976,280
24.019,280
25.068,280
19.311,280
23.38,280
16.567,280
16.42,280
21.576,280
27.626,280
23.508,280
16.674,280
22.364,280
14.614,280
14.137,280
23.073,280
18.679,280
16.919,280
16.441,280
24.443,280
21.708,280
22.402,280
20.06,280
18.193,280
15.976,280
20.397,280
20.289,280
29.033,280
29.057,280
15.723,280
25.827,280
20.658,280
19.945,280
15.507,280
20.032,280
20.024,280
14.286,280
14.52,280
33.274,280
20.151,280
22.808,280
15.207,280
16.494,280
16.318,280
21.375,280
18.292,280
16.992,280
18.701,280
16.102,280
22.923,280
34.703,280
16.637,280
14.22,280
13.909,280
14.084,280
15.174,280
39.451,280
25.715,280
43.915,280
18.125,280
14.255,280
16.257,280
15.93,280
16.408,280
22.581,280
21.945,280
15.249,280
19.001,280
23.055,280
22.209,280
22.489,280
22.134,280
15.754,280
26.226,280
24.024,280
17.447,280
23.062,280
18.772,280
21.611,280
21.771,280
15.578,280
17.118,280
15.637,280
18.056,280
19.814,280
15.871,280
22.167,280
17.375,280
16.343,280
17.385,280
16.18,280
25.246,280
18.035,280
21.501,280
22.314,280
15.958,280
27.066,280
19.644,280
16.157,280
16.452,280
17.62,280
17.134,280
20.412,280
23.397,280
20.533,280
16.258,280
14.89,280
15.853,280
19.508,280
25.656,280
17.695,280
16.584,280
16.361,280
17.308,280
15.999,280
14.601,280
15.415,280
25.835,280
17.361,280
19.472,280
21.418,280
19.487,280
15.37,280
23.336,280
20.551,280
14.42,280
18.312,280
26.27,280
21.48,280
26.89,280
16.688,280
15.492,280
25.834,280
15.975,280
17.854,280
16.882,280
22.737,280
19.513,280
16.79,280
15.839,280
15.53,280
16.607,280
21.094,280
16.437,280
14.969,280
14.418,280
14.36,280
15.936,280
22.161,280
16.083,280
20.242,280
19.941,280
17.858,280
20.204,280
19.802,280
15.864,280
19.007,280
14.44,280
21.572,280
24.573,280
22.91,280
21.044,280
19.458,280
15.743,280
20.606,280
25.104,280
22.764,280
16.443,280
14.61,280
15.761,280
22.248,280
14.368,280
15.629,280
16.839,280
23.731,280
17.472,280
16.791,280
14.707,280
14.433,280
19.114,280
22.883,280
14.406,280
23.476,280
19.146,280
18.297,280
17.395,280
17.095,280
23.078,280
25.284,280
17.825,280
18.091,280
20.042,280
14.381,280
16.75,280
15.084,280
16.245,280
17.452,280
17.784,280
16.934,280
17.779,280
19.115,280
18.299,280
25.893,280
15.957,280
14.234,280
17.593,280
16.562,280
26.218,280
22.676,280
18.98,280
14.696,280
18.86,280
14.393,280
15.757,280
26.308,280
35.954,280
25.11,280
14.236,280
22.564,280
15.502,280
19.28,280
14.99,280
24.958,280
15.328,280
21.519,280
14.217,280
16.937,280
14.425,280
14.084,280
26.532,280
14.514,280
26.135,280
14.735,280
20.402,280
17.83,280
17.665,280
15.317,280
17.296,280
16.688,280
15.778,280
19.133,280
44.564,280
19.361,280
18.141,280
18.902,280
20.026,280
15.203,280
16.629,280
16.263,280
16.543,280
15.275,280
24.756,280
18.774,280
19.544,280
15.243,280
16.718,280
14.52,280
16.336,280
20.066,280
20.346,280
16.224,280
16.138,280
17.738,280
16.181,280
26.683,280
18.294,280
16.067,280
15.653,280
15.711,280
49.969,280
27.949,280
16.551,280
16.13,280
16.21,280
16.082,280
16.385,280
20.644,280
15.747,280
25.573,280
14.317,280
18.787,280
27.57,280
23.29,280
16.749,280
23.617,280
17.521,280
15.262,280
20.323,280
16.394,280
16.443,280
20.682,280
22.891,280
16.312,280
14.386,280
14.428,280
20.729,280
23.735,280
15.544,280
18.733,280
16.269,280
21.683,280
23.519,280
17.652,280
21.487,280
15.746,280
16.859,280
15.821,280
26.186,280
22.531,280
14.446,280
16.756,280
14.377,280
14.429,280
17.289,280
16.584,280
18.767,280
17.286,280
22.263,280
14.251,280
16.445,280
15.525,280
15.439,280
15.87,280
14.977,280
17.265,280
24.676,280
16.951,280
21.366,280
20.104,280
14.488,280
15.966,280
14.701,280
17.109,280
21.639,280
16.783,280
14.457,280
14.194,280
15.256,280
24.011,280
21.746,280
17.763,280
18.053,280
15.217,280
17.481,280
21.147,280
21.774,280
14.478,280
25.789,280
14.327,280
20.495,280
16.495,280
16.378,280
14.378,280
18.861,280
17.658,280
18.845,280
14.936,280
16.591,280
14.392,280
16.629,280
16.089,280
15.606,280
14.682,280
17.567,280
18.12,280
16.936,280
14.668,280
15.783,280
15.487,280
16.266,280
18.58,280
26.763,280
25.316,280
20.534,280
18.288,280
19.584,280
14.185,280
23.644,280
23.201,280
25.022,280
19.344,280
19.794,280
20.159,280
14.568,280
21.212,280
21.089,280
21.745,280
19.309,280
14.389,280
25.921,280
21.556,280
19.012,280
22.419,280
15.667,280
19.211,280
16.171,280
16.253,280
21.634,280
16.723,280
21.462,280
14.286,280
19.094,280
15.775,280
16.786,280
16.199,280
16.318,280
14.469,280
16.966,280
18.407,280
18.566,280
16.072,280
19.332,280
20.933,280
14.872,280
15.762,280
16.465,280
24.056,280
24.854,280
19.073,280
17.221,280
19.112,280
19.058,280
28.025,280
15.559,280
25.785,280
16.009,280
15.176,280
17.51,280
20.407,280
19.941,280
19.776,280
16.621,280
19.926,280
18.979,280
15.336,280
18.445,280
14.2,280
22.366,280
15.729,280
14.281,280
15.748,280
24.502,280
18.28,280
21.949,280
18.738,280
22.938,280
15.75,280
19.437,280
23.529,280
16.489,280
23.016,280
16.261,280
23.474,280
16.913,280
20.441,280
19.56,280
16.067,280
16.528,280
16.01,280
20.534,280
21.793,280
16.214,280
15.767,280
16.415,280
15.32,280
14.235,280
16.198,280
16.532,280
14.314,280
25.845,280
26.05,280
15.428,280
16.835,280
16.084,280
16.827,280
14.366,280
15.131,280
23.203,280
21.038,280
15.546,280
14.446,280
16.081,280
23.404,280
21.135,280
23.523,280
16.512,280
17.084,280
14.58,280
16.696,280
23.702,280
19.176,280
25.209,280
19.135,280
21.52,280
16.432,280
19.161,280
14.728,280
26.906,280
16.222,280
20.668,280
23.362,280
16.424,280
25.475,280
15.815,280
15.691,280
18.042,280
19.335,280
18.66,280
26.28,280
18.914,280
20.907,280
22.223,280
15.99,280
15.244,280
22.156,280
20.63,280
20.282,280
15.901,280
24.252,280
17.945,280
19.775,280
14.325,280
23.463,280
19.686,280
21.379,280
16.864,280
21.581,280
20.554,280
22.836,280
14.61,280
21.125,280
18.857,280
23.745,280
16.797,280
22.468,280
14.27,280
17.245,280
15.339,280
24.091,280
16.353,280
15.934,280
16.543,280
16.274,280
21.641,280
15.783,280
16.034,280
19.035,280
16.056,280
20.732,280
21.759,280
15.871,280
14.604,280
17.953,280
24.231,280
16.019,280
16.883,280
20.104,280
14.181,280
16.469,280
15.477,280
14.479,280
16.794,280
24.923,280
18.911,280
21.158,280
21.653,280
23.56,280
18.353,280
18.548,280
30.472,280
17.589,280
24.753,280
14.666,280
17.525,280
14.341,280
23.217,280
22.153,280
15.694,280
21.338,280
15.164,280
20.244,280
16.682,280
17.408,280
15.822,280
16.489,280
16.3,280
18.142,280
28.375,280
15.929,280
16.241,280
22.537,280
15.795,280
16.51,280
14.307,280
29.429,280
15.373,280
15.94,280
25.442,280
14.394,280
17.832,280
14.354,280
22.083,280
45.061,280
17.157,280
25.737,280
21.104,280
16.384,280
18.444,280
16.522,280
20.194,280
19.624,280
14.481,280
21.111,280
30.593,280
15.944,280
25.699,280
26.276,280
18.353,280
15.392,280
17.147,280
20.57,280
14.468,280
21.758,280
17.122,280
21.537,280
25.929,280
19.016,280
23.142,280
24.097,280
19.966,280
16.608,280
19.014,280
15.924,280
22.488,280
21.037,280
21.194,280
26.658,280
15.886,280
19.891,280
18.126,280
16.3,280
15.831,280
15.064,280
17.037,280
17.814,280
15.033,280
19.631,280
15.921,280
25.329,280
22.02,280
14.147,280
17.508,280
19.227,280
22.578,280
16.634,280
23.39,280
14.932,280
16.008,280
16.679,280
16.52,280
16.075,280
18.527,280
21.694,280
24.56,280
16.932,280
14.661,280
18.54,280
18.207,280
14.491,280
21.404,280
16.069,280
22.623,280
14.604,280
18.449,280
18.493,280
23.761,280
15.649,280
20.371,280
16.028,280
25.792,280
14.364,280
20.028,280
15.377,280
14.535,280
23.503,280
15.758,280
16.432,280
16.285,280
14.28,280
15.202,280
25.198,280
21.305,280
21.509,280
17.293,280
15.713,280
16.484,280
17.266,280
20.069,280
14.401,280
14.689,280
15.85,280
17.794,280
28.596,280
23.921,280
18.008,280
15.618,280
25.616,280
23.966,280
21.278,280
23.441,280
16.265,280
17.245,280
14.495,280
16.29,280
21.536,280
14.441,280
14.563,280
14.459,280
17.054,280
14.437,280
16.513,280
18.69,280
18.308,280
14.439,280
14.507,280
17.473,280
14.453,280
22.696,280
17.302,280
21.332,280
16.794,280
16.076,280
15.7,280
19.524,280
16.542,280
15.328,280
17.072,280
19.979,280
20.014,280
16.707,280
23.296,280
19.998,280
14.302,280
18.463,280
15.477,280
16.382,280
16.275,280
21.704,280
16.786,280
24.205,280
27.279,280
14.499,280
16.394,280
16.688,280
17.286,280
16.709,280
18.773,280
27.761,280
14.359,280
14.837,280
26.046,280
19.953,280
15.478,280
23.585,280
16.575,280
21.381,280
18.996,280
19.988,280
14.468,280
16.612,280
22.546,280
14.629,280
17.138,280
21.843,280
14.246,280
22.461,280
19.585,280
16.505,280
16.366,280
15.854,280
14.856,280
15.187,280
25.83,280
18.943,280
15.22,280
16.952,280
14.471,280
22.779,280
26.208,280
14.361,280
18.859,280
15.583,280
15.067,280
14.507,280
14.101,280
20.251,280
16.897,280
15.976,280
14.363,280
18.544,280
17.752,280
21.432,280
23.69,280
14.739,280
15.909,280
16.422,280
23.024,280
14.607,280
19.2,280
16.793,280
20.469,280
23.222,280
14.167,280
18.417,280
20.321,280
19.651,280
16.616,280
15.274,280
18.656,280
25.86,280
22.943,280
20.44,280
15.451,280
26.265,280
17.173,280
27.213,280
22.482,280
16.344,280
15.912,280
22.721,280
16.801,280
16.815,280
14.115,280
15.849,280
16.495,280
27.299,280
19.984,280
16.578,280
14.282,280
16.42,280
21.354,280
14.533,280
14.495,280
16.087,280
19.779,280
21.338,280
16.122,280
18.691,280
15.504,280
23.483,280
16.534,280
14.414,280
16.147,280
18.117,280
20.83,280
21.058,280
15.954,280
15.958,280
14.335,280
14.233,280
14.328,280
19.908,280
15.373,280
19.491,280
17.44,280
16.626,280
23.842,280
14.297,280
14.318,280
25.782,280
15.737,280
23.816,280
16.301,280
19.551,280
16.558,280
28.656,280
23.288,280
19.812,280
16.215,280
20.022,280
17.117,280
16.175,280
18.438,280
21.276,280
30.85,280
17.437,280
25.448,280
16.236,280
14.214,280
15.027,280
22.482,280
27.448,280
16.796,280
17.453,280
21.708,280
22.564,280
18.579,280
21.062,280
16.702,280
15.159,280
17.82,280
21.999,280
21.902,280
22.82,280
19.736,280
15.723,280
19.204,280
22.587,280
23.5,280
15.947,280
19.49,280
19.982,280
16.274,280
20.931,280
22.573,280
23.153,280
17.315,280
18.854,280
14.779,280
15.303,280
19.006,280
15.967,280
18.432,280
17.829,280
18.073,280
15.697,280
15.448,280
18.845,280
17.384,280
17.235,280
24.596,280
16.607,280
16.374,280
15.905,280
18.498,280
14.811,280
18.135,280
27.997,280
15.555,280
16.567,280
15.506,280
16.611,280
16.274,280
22.824,280
22.433,280
15.506,280
16.931,280
17.228,280
16.66,280
15.647,280
20.319,280
14.376,280
22.151,280
18.133,280
18.806,280
15.039,280
16.639,280
20.274,280
16.749,280
15.522,280
29.825,280
16.934,280
14.578,280
16.673,280
23.614,280
14.292,280
15.014,280
14.361,280
16.449,280
22.904,280
20.189,280
16.783,280
17.087,280
23.802,280
26.278,280
14.236,280
15.697,280
19.421,280
19.381,280
16.819,280
16.987,280
17.447,280
24.369,280
16.738,280
19.106,280
17.437,280
14.918,280
15.878,280
14.56,280
26.128,280
14.161,280
15.459,280
21.992,280
19.922,280
20.148,280
16.461,280
22.75,280
14.497,280
17.657,280
19.648,280
17.11,280
15.358,280
19.115,280
19.093,280
16.489,280
18.248,280
14.277,280
16.8,280
18.73,280
14.51,280
15.873,280
15.13,280
25.179,280
14.5,280
16.483,280
14.086,280
28.221,280
19.197,280
15.488,280
21.513,280
18.848,280
16.576,280
14.139,280
15.354,280
16.481,280
19.147,280
25.466,280
15.578,280
15.201,280
17.836,280
18.344,280
26.755,280
16.2,280
14.649,280
14.935,280
17.615,280
32.744,280
18.858,280
21.883,280
30.157,280
14.347,280
20.466,280
14.792,280
16.99,280
18.048,280
26.791,280
14.205,280
16.071,280
25.033,280
26.403,280
15.624,280
16.259,280
15.412,280
18.512,280
14.238,280
16.594,280
17.162,280
20.316,280
20.68,280
16.052,280
22.317,280
14.891,280
26.864,280
16.356,280
20.92,280
20.207,280
15.813,280
18.748,280
17.02,280
17.468,280
15.717,280
15.712,280
15.714,280
19.293,280
18.897,280
25.621,280
19.096,280
15.526,280
14.299,280
18.852,280
18.272,280
21.998,280
15.106,280
16.377,280
15.655,280
24.281,280
20.061,280
16.047,280
21.881,280
24.156,280
24.044,280
14.892,280
15.199,280
18.936,280
18.358,280
28.358,280
16.103,280
26.43,280
14.281,280
20.539,280
21.629,280
14.752,280
14.754,280
23.953,280
19.075,280
15.415,280
22.637,280
19.702,280
15.933,280
15.46,280
19.044,280
23.866,280
15.346,280
14.646,280
20.649,280
26.575,280
16.4,280
15.958,280
21.48,280
23.645,280
23.783,280
15.859,280
23.121,280
22.262,280
17.325,280
27.096,280
17.155,280
14.516,280
26.87,280
16.555,280
16.253,280
22.801,280
21.52,280
16.592,280
19.155,280
15.972,280
28.195,280
18.68,280
23.3,280
15.77,280
18.444,280
18.837,280
17.011,280
16.258,280
15.889,280
16.549,280
21.926,280
25.348,280
19.696,280
20.326,280
14.383,280
17.04,280
27.316,280
15.818,280
15.725,280
20.977,280
23.332,280
14.434,280
24.008,280
14.39,280
15.998,280
22.918,280
24.027,280
19.704,280
19.21,280
15.025,280
16.151,280
18.292,280
14.419,280
22.19,280
23.652,280
19.468,280
19.921,280
16.001,280
16.129,280
16.046,280
20.655,280
15.393,280
16.704,280
16.927,280
16.026,280
16.391,280
24.998,280
15.518,280
16.407,280
16.232,280
18.233,280
18.2,280
19.281,280
16.592,280
14.953,280
22.596,280
14.637,280
17.969,280
20.514,280
14.391,280
22.219,280
16.449,280
17.02,280
16.603,280
14.642,280
15.989,280
17.012,280
20.365,280
14.301,280
14.335,280
15.418,280
21.549,280
14.016,280
16.09,280
14.981,280
16.011,280
16.423,280
20.351,280
21.169,280
22.982,280
22.611,280
18.263,280
19.657,280
23.412,280
16.022,280
14.308,280
19.44,280
25.717,280
16.406,280
19.832,280
14.412,280
24.679,280
21.581,280
18.248,280
23.382,280
16.267,280
16.214,280
21.913,280
17.164,280
16.39,280
14.37,280
15.845,280
18.375,280
19.038,280
14.691,280
14.559,280
21.186,280
17.874,280
14.373,280
15.593,280
25.502,280
16.476,280
40.167,280
16.556,280
17.136,280
14.236,280
14.198,280
17.588,280
17.686,280
14.377,280
28.32,280
23.706,280
14.203,280
16.811,280
14.832,280
21.456,280
14.513,280
22.399,280
20.531,280
22.09,280
19.252,280
19.037,280
14.667,280
17.918,280
25.004,280
18.933,280
14.565,280
14.215,280
22.575,280
16.081,280
19.492,280
18.945,280
23.115,280
18.051,280
15.785,280
16.875,280
25.352,280
14.374,280
17.009,280
14.807,280
14.508,280
15.07,280
18.737,280
14.312,280
18.867,280
15.147,280
21.714,280
15.79,280
17.122,280
20.568,280
19.455,280
19.439,280
24.396,280
18.22,280
17.68,280
25.33,280
15.771,280
16.153,280
15.729,280
28.257,280
21.843,280
16.264,280
26.66,280
14.762,280
16.443,280
18.577,280
21.56,280
16.301,280
14.901,280
19.488,280
17.406,280
23.775,280
19.473,280
18.836,280
21.663,280
14.541,280
18.441,280
21.604,280
23.148,280
19.492,280
19.369,280
21.675,280
20.1,280
23.463,280
19.025,280
14.599,280
17.467,280
23.417,280
18.836,280
17.236,280
19.37,280
16.492,280
16.418,280
22.054,280
27.192,280
14.381,280
18.455,280
19.849,280
15.575,280
24.795,280
17.175,280
15.731,280
24.728,280
20.625,280
25.385,280
33.427,280
17.132,280
24.826,280
22.605,280
23.657,280
16.693,280
15.86,280
18.65,280
20.52,280
15.619,280
22.333,280
18.971,280
17.487,280
25.849,280
16.311,280
20.884,280
16.72,280
18.048,280
19.762,280
14.577,280
19.073,280
16.478,280
15.779,280
15.01,280
16.668,280
16.344,280
14.224,280
41.063,280
16.665,280
14.309,280
15.428,280
16.427,280
14.457,280
14.273,280
16.306,280
31.392,280
20.558,280
14.455,280
18.09,280
15.494,280
15.945,280
18.754,280
15.592,280
27.586,280
24.011,280
16.652,280
18.855,280
14.298,280
21.893,280
27.24,280
17.092,280
20.666,280
14.113,280
15.415,280
15.848,280
15.87,280
17.544,280
19.399,280
14.262,280
17.039,280
22.386,280
18.75,280
14.458,280
16.068,280
23.616,280
19.322,280
19.091,280
21.754,280
15.198,280
15.465,280
25.783,280
16.222,280
15.199,280
20.943,280
18.851,280
20.921,280
24.346,280
14.327,280
21.693,280
14.678,280
19.131,280
18.181,280
16.248,280
18.661,280
18.122,280
14.094,280
17.288,280
15.356,280
17.874,280
22.206,280
16.333,280
14.171,280
19.39,280
18.632,280
24.716,280
17.3,280
15.825,280
18.415,280
22.477,280
24.566,280
20.922,280
21.122,280
14.642,280
19.902,280
16.964,280
16.788,280
15.711,280
18.456,280
19.068,280
16.611,280
15.841,280
24.109,280
15.631,280
22.632,280
20.807,280
15.831,280
15.931,280
17.038,280
16.008,280
17.691,280
21.122,280
19.297,280
22.631,280
15.599,280
15.453,280
16.133,280
14.378,280
22.945,280
24.036,280
14.808,280
18.249,280
21.038,280
16.584,280
16.03,280
14.183,280
16.367,280
18.969,280
15.124,280
16.048,280
22.451,280
15.416,280
17.339,280
15.739,280
18.719,280
24.501,280
21.851,280
14.755,280
16.029,280
14.207,280
14.57,280
18.989,280
22.684,280
14.519,280
20.385,280
15.86,280
20.28,280
21.083,280
18.31,280
22.05,280
16.549,280
16.988,280
24.477,280
19.548,280
17.738,280
16.018,280
15.821,280
18.924,280
25.182,280
19.856,280
14.401,280
18.742,280
16.639,280
14.208,280
16.152,280
21.46,280
16.954,280
16.591,280
14.57,280
20.698,280
20.434,280
25.191,280
15.249,280
15.982,280
19.957,280
17.619,280
15.769,280
25.602,280
15.657,280
18.187,280
14.92,280
16.034,280
26.943,280
14.436,280
17.095,280
19.105,280
14.327,280
17.975,280
24.538,280
16.177,280
21.892,280
14.358,280
19.861,280
16.38,280
22.53,280
14.318,280
17.951,280
19.225,280
14.02,280
15.565,280
18.066,280
15.995,280
23.569,280
14.458,280
20.0,280
16.708,280
17.669,280
17.12,280
17.331,280
14.453,280
14.499,280
27.511,280
18.063,280
17.6,280
18.814,280
22.159,280
15.782,280
14.25,280
16.279,280
19.077,280
18.197,280
18.241,280
22.329,280
14.5,280
15.413,280
24.975,280
16.247,280
16.087,280
18.828,280
17.109,280
17.217,280
21.502,280
22.83,280
25.465,280
15.495,280
15.313,280
20.595,280
22.585,280
15.832,280
18.845,280
16.511,280
21.312,280
21.43,280
16.098,280
16.5,280
28.784,280
14.594,280
16.72,280
14.397,280
22.79,280
16.578,280
26.018,280
18.379,280
25.434,280
24.374,280
15.047,280
19.323,280
22.344,280
20.105,280
16.167,280
25.497,280
17.416,280
20.852,280
14.572,280
18.241,280
15.235,280
18.595,280
25.563,280
16.195,280
16.148,280
14.344,280
17.491,280
17.716,280
15.345,280
22.015,280
22.284,280
19.632,280
16.781,280
24.621,280
16.644,280
19.459,280
14.814,280
14.283,280
14.548,280
17.547,280
25.555,280
19.768,280
24.322,280
21.298,280
17.523,280
16.658,280
17.415,280
19.634,280
16.593,280
18.338,280
17.732,280
15.712,280
17.818,280
17.745,280
16.326,280
17.782,280
15.429,280
14.393,280
17.696,280
15.728,280
16.326,280
32.79,280
14.651,280
23.832,280
14.637,280
15.948,280
15.864,280
22.488,280
16.988,280
17.215,280
16.381,280
16.724,280
15.94,280
16.992,280
15.918,280
16.432,280
22.448,280
18.067,280
16.258,280
24.042,280
14.783,280
16.391,280
21.711,280
18.005,280
22.276,280
15.363,280
16.974,280
26.543,280
17.3,280
17.09,280
20.772,280
14.695,280
17.184,280
16.181,280
16.687,280
15.726,280
17.533,280
16.297,280
21.676,280
20.464,280
15.443,280
28.193,280
26.214,280
20.546,280
21.389,280
15.395,280
15.933,280
20.069,280
21.234,280
17.613,280
22.111,280
16.725,280
19.015,280
24.274,280
16.725,280
25.133,280
19.356,280
15.909,280
24.368,280
18.804,280
17.969,280
16.458,280
17.98,280
26.89,280
16.134,280
15.751,280
14.758,280
15.689,280
15.894,280
15.15,280
20.065,280
16.503,280
16.645,280
14.836,280
18.989,280
17.845,280
21.618,280
15.876,280
19.915,280
14.598,280
27.888,280
16.46,280
15.703,280
15.118,280
16.187,280
14.817,280
14.658,280
19.869,280
20.276,280
18.235,280
14.717,280
15.171,280
20.516,280
14.491,280
14.534,280
16.975,280
24.701,280
25.734,280
22.082,280
15.917,280
20.507,280
15.905,280
17.14,280
23.452,280
16.27,280
22.391,280
16.01,280
16.095,280
14.91,280
15.894,280
16.711,280
27.962,280
19.586,280
16.249,280
15.854,280
17.149,280
21.042,280
20.697,280
15.331,280
15.53,280
16.827,280
22.769,280
14.767,280
19.073,280
19.699,280
14.591,280
14.646,280
17.889,280
18.65,280
28.01,280
16.859,280
16.752,280
20.005,280
22.802,280
17.443,280
26.464,280
21.445,280
14.369,280
14.587,280
20.664,280
15.757,280
24.083,280
21.907,280
17.212,280
19.011,280
16.023,280
18.603,280
19.546,280
20.312,280
20.414,280
15.379,280
16.611,280
21.41,280
15.993,280
15.94,280
14.783,280
20.756,280
23.326,280
18.806,280
17.825,280
15.293,280
14.28,280
14.27,280
14.521,280
16.21,280
20.203,280
14.178,280
26.118,280
14.542,280
25.471,280
15.26,280
16.167,280
19.748,280
24.549,280
19.268,280
15.918,280
26.193,280
15.727,280
25.239,280
22.176,280
14.462,280
22.508,280
16.768,280
19.16,280
21.418,280
17.77,280
28.828,280
20.151,280
18.697,280
14.423,280
15.062,280
22.91,280
17.445,280
15.438,280
14.637,280
21.4,280
16.19,280
15.702,280
16.813,280
19.845,280
15.934,280
15.825,280
27.149,280
20.466,280
15.789,280
16.474,280
18.892,280
16.344,280
15.192,280
16.277,280
27.677,280
15.124,280
27.938,280
18.364,280
24.619,280
16.322,280
15.542,280
25.377,280
18.199,280
16.279,280
24.838,280
16.363,280
22.19,280
14.961,280
19.567,280
14.383,280
15.862,280
19.608,280
27.0,280
15.087,280
26.666,280
22.624,280
16.619,280
17.004,280
16.812,280
17.47,280
20.528,280
19.506,280
17.253,280
18.66,280
23.244,280
20.822,280
17.934,280
15.837,280
20.818,280
19.508,280
24.679,280
24.866,280
15.343,280
14.479,280
15.23,280
20.768,280
23.269,280
17.04,280
18.562,280
19.473,280
14.669,280
17.193,280
14.525,280
20.97,280
19.623,280
17.758,280
16.211,280
22.175,280
16.441,280
25.633,280
21.511,280
14.552,280
21.971,280
21.457,280
21.477,280
15.225,280
17.978,280
16.714,280
22.164,280
22.922,280
16.86,280
16.104,280
16.031,280
22.743,280
14.992,280
21.197,280
14.365,280
15.894,280
15.786,280
24.958,280
19.199,280
28.089,280
16.953,280
14.941,280
18.786,280
19.082,280
21.702,280
23.373,280
16.558,280
14.619,280
21.815,280
18.006,280
14.469,280
19.763,280
21.763,280
22.509,280
23.996,280
22.03,280
16.561,280
21.493,280
25.017,280
16.944,280
18.99,280
25.195,280
15.813,280
16.16,280
22.332,280
18.826,280
24.071,280
16.237,280
20.774,280
20.479,280
16.55,280
19.107,280
15.789,280
16.538,280
23.547,280
21.491,280
14.474,280
15.774,280
18.793,280
23.431,280
16.489,280
18.501,280
22.501,280
26.411,280
16.49,280
25.911,280
17.088,280
27.876,280
16.279,280
16.259,280
16.225,280
28.42,280
21.772,280
22.872,280
23.26,280
16.451,280
17.022,280
21.934,280
15.748,280
20.138,280
15.586,280
14.845,280
19.113,280
19.734,280
15.98,280
37.455,280
19.558,280
26.008,280
16.493,280
15.733,280
21.759,280
16.464,280
22.117,280
16.206,280
25.244,280
24.927,280
18.543,280
15.28,280
18.03,280
16.355,280
20.267,280
15.776,280
17.835,280
19.48,280
14.327,280
16.76,280
23.14,280
19.469,280
16.674,280
15.916,280
14.287,280
14.464,280
20.32,280
22.721,280
16.857,280
17.252,280
25.683,280
16.209,280
16.757,280
21.509,280
16.16,280
16.523,280
26.553,280
20.363,280
16.11,280
14.217,280
16.272,280
22.73,280
16.036,280
16.397,280
22.456,280
16.463,280
15.442,280
17.455,280
19.167,280
24.628,280
22.736,280
20.469,280
17.616,280
18.6,280
30.994,280
16.79,280
23.942,280
16.087,280
26.442,280
17.561,280
26.667,280
15.956,280
22.674,280
17.847,280
14.698,280
15.703,280
18.223,280
14.88,280
21.852,280
16.479,280
19.587,280
16.843,280
18.407,280
14.386,280
22.365,280
24.041,280
44.28,280
16.844,280
19.16,280
16.071,280
16.088,280
15.615,280
14.637,280
20.614,280
23.609,280
25.582,280
24.132,280
25.004,280
15.936,280
18.528,280
15.871,280
15.547,280
27.011,280
22.3,280
18.703,280
17.732,280
16.755,280
15.082,280
25.047,280
14.859,280
16.979,280
25.002,280
16.13,280
16.718,280
15.479,280
24.097,280
15.414,280
14.711,280
17.386,280
18.915,280
18.917,280
17.181,280
14.422,280
15.26,280
15.624,280
15.714,280
15.357,280
18.694,280
16.854,280
22.578,280
14.377,280
23.645,280
17.288,280
24.254,280
18.872,280
22.069,280
17.587,280
23.736,280
15.085,280
16.179,280
