25.35 1
21.25 1
1.95 1
1.15 38
23.65 1
24.35 1
27.15 1
25.85 2
25.25 2
23.55 1
20.65 1
26.6 1
1.05 37
26.4 1
26.2 1
26.3 1
26.0 1
24.8 1
19.75 1
26.75 1
24.7 1
24.0 1
24.2 1
22.0 2
22.1 1
22.6 1
27.05 1
22.4 2
22.8 3
20.75 1
2.1 1
20.1 1
20.4 1
20.5 1
20.6 1
20.8 1
1.75 4
19.4 1
24.45 2
4.85 1
22.7 2
0.95 74
27.1 1
25.45 1
27.9 1
25.3 1
25.5 1
22.05 2
1.65 2
23.3 1
23.2 1
23.0 1
32.0 1
24.65 1
1.4 21
21.65 2
1.5 8
24.05 2
22.95 1
24.85 1
22.15 1
19.1 1
21.5 1
23.25 2
21.1 2
21.0 1
21.3 1
21.2 1
19.3 1
21.8 1
20.85 1
1.55 13
24.75 1
21.95 2
0.85 28
27.35 1
28.2 1
23.95 2
22.65 1
28.15 1
1.45 13
26.35 1
0.9 33
0.8 5
1.6 5
1.7 1
1.0 65
1.1 71
1.2 27
1.3 10
0.1 4
1.8 1
21.05 1
4.55 1
2.75 1
18.85 1
29.15 1
19.45 1
1.35 19
24.15 1
20.45 1
29.2 1
22.45 1
23.75 4
1.25 15
19.55 1
