7.15 44
35.8 1
187.45 1
32.05 1
29.85 16
18.25 220
58.15 2
16.55 199
175.9 1
175.2 1
175.3 1
175.0 1
175.1 2
14.55 4
163.6 1
5.65 21
163.4 1
161.9 2
174.45 1
30.95 3
47.45 1
161.0 1
27.95 26
161.5 1
58.75 1
24.35 73
169.3 1
169.2 1
7.65 18
248.05 1
28.45 18
169.8 1
181.65 1
40.65 1
27.75 24
45.8 3
176.75 1
45.3 1
45.2 1
177.4 1
45.6 1
177.6 1
35.7 1
44.55 1
11.65 4
18.55 204
15.75 494
171.5 1
8.65 9
55.75 1
187.1 1
170.55 2
19.75 172
26.75 33
173.4 2
167.75 1
173.6 2
17.35 251
49.7 2
163.8 1
49.3 1
27.05 35
183.25 1
49.9 1
55.5 3
55.6 1
55.7 1
55.0 1
55.2 1
106.05 1
47.35 1
155.8 1
186.5 1
165.5 2
10.45 7
23.45 88
187.8 1
53.05 1
21.45 134
168.95 1
181.2 1
175.6 3
81.05 1
52.15 4
49.65 2
19.05 166
167.55 2
51.7 2
163.5 1
175.65 1
191.6 1
9.55 5
176.15 1
6.75 27
12.45 3
186.45 2
189.5 1
11.85 2
22.05 100
20.05 172
31.85 1
177.45 2
23.35 75
59.4 1
29.45 8
57.7 2
25.45 52
52.85 4
165.15 2
180.7 1
13.85 4
199.3 1
24.05 84
349.0 1
9.15 5
7.55 27
28.95 12
182.1 2
182.2 1
173.95 1
161.7 1
25.75 40
182.7 2
182.9 1
185.35 1
16.95 245
184.4 1
28.05 27
184.3 1
184.0 1
31.15 3
334.9 1
174.85 2
30.55 6
169.5 1
13.35 4
24.75 61
42.65 2
178.45 1
182.45 2
44.95 1
53.1 1
18.15 227
15.35 179
13.2 6
28.75 20
169.6 1
27.35 26
169.9 1
24.95 65
9.85 2
5.15 6
43.4 1
43.3 2
43.2 1
51.8 3
31.05 5
51.9 1
16.05 462
171.25 2
174.15 1
23.85 96
53.8 1
26.95 36
21.85 128
53.5 1
15.45 225
45.45 3
8.35 13
50.85 1
51.0 2
52.55 1
51.3 1
51.4 2
44.3 1
14.15 1
10.05 8
5.0 2
5.1 2
5.2 1
5.3 13
5.4 11
5.5 19
17.45 247
5.7 23
5.8 22
5.9 26
18.85 164
167.35 2
269.95 1
10.95 1
51.6 1
196.55 1
47.1 1
47.0 1
170.65 3
19.45 158
47.4 1
26.05 49
47.6 1
189.45 1
169.95 1
13.15 3
172.05 1
176.55 1
69.15 1
21.35 140
53.35 1
175.25 1
177.7 1
5.6 25
181.35 1
12.95 5
23.75 83
138.35 1
11.35 2
132.5 1
11.6 3
12.75 4
6.45 23
25.35 52
43.85 2
165.35 1
171.9 1
33.6 1
6.7 32
6.6 34
12.1 5
20.55 150
6.3 22
6.2 23
6.1 26
6.0 32
33.0 1
30.15 12
12.8 8
6.9 35
6.8 27
10.1 6
10.0 4
10.3 6
10.2 4
10.5 3
10.4 4
10.7 2
13.75 4
10.9 3
22.55 102
13.05 2
171.3 1
16.7 198
16.6 222
16.5 207
16.4 214
6.35 23
16.2 303
16.1 374
16.0 478
186.85 1
16.9 233
16.8 243
9.45 10
7.05 36
5.55 27
54.15 1
32.35 1
161.45 1
190.35 1
30.85 4
16.45 195
26.8 31
26.9 37
26.6 41
26.7 35
26.4 41
26.5 45
26.2 46
26.3 50
26.0 64
26.1 39
14.5 4
14.4 5
14.7 15
14.6 9
24.8 43
24.9 76
14.3 6
14.2 1
24.4 78
24.5 77
24.6 72
24.7 58
14.9 39
27.85 32
24.2 74
24.3 68
22.2 103
22.3 107
22.0 109
22.1 130
24.45 70
22.7 87
22.4 116
22.5 88
7.95 10
22.8 118
22.9 93
51.25 1
27.65 27
178.8 1
17.05 241
54.25 3
180.95 1
18.45 200
15.05 86
8.75 7
20.0 161
20.1 136
20.2 137
20.3 148
20.4 132
20.5 129
20.6 167
20.7 150
20.8 146
20.9 117
26.45 48
51.35 2
174.25 1
57.5 1
50.05 1
55.45 1
182.65 1
49.2 2
136.55 1
21.75 141
50.25 2
11.05 5
22.85 101
52.05 2
49.55 1
181.75 1
10.75 3
183.55 1
173.9 1
16.15 382
36.45 1
19.15 167
51.45 1
178.35 1
11.75 4
31.95 1
8.95 12
12.35 1
6.05 15
11.95 1
169.25 1
22.15 107
20.15 142
23.25 83
46.75 1
29.75 9
54.05 2
53.45 1
48.35 2
161.55 1
47.75 1
180.75 1
20.85 148
176.95 1
166.75 1
164.2 1
29.95 8
16.85 252
168.6 1
13.95 1
14.85 27
9.05 13
7.45 22
5.95 28
28.8 25
28.9 10
174.95 1
28.0 21
25.65 50
28.2 30
28.3 31
28.4 22
28.5 21
28.6 17
28.7 13
22.65 91
9.7 9
28.15 30
31.65 4
18.9 160
18.8 174
160.45 1
169.05 1
179.2 1
18.1 236
18.0 222
18.3 201
18.2 206
18.5 190
18.4 214
18.7 203
18.6 190
174.7 1
174.6 1
30.9 3
30.8 5
174.3 1
174.2 1
174.1 3
18.05 236
30.3 7
30.2 7
30.1 5
30.0 8
30.7 7
30.6 7
30.5 6
27.25 20
176.5 1
183.5 1
176.7 1
176.1 1
176.0 1
14.35 1
38.4 1
5.05 4
9.75 2
161.95 1
50.45 2
16.75 223
179.95 1
171.15 1
47.9 1
46.4 1
10.35 5
24.15 74
46.0 1
46.2 2
46.3 1
42.85 1
46.9 1
28.1 25
51.95 1
15.55 293
8.05 12
170.2 1
170.7 2
174.8 1
49.95 1
26.15 44
148.8 1
30.45 5
172.1 1
17.55 317
172.3 2
190.95 1
48.2 1
48.3 3
48.0 1
48.1 1
48.6 2
143.65 1
48.4 1
10.85 2
170.75 1
33.35 1
48.8 3
48.9 1
185.05 1
19.55 145
47.15 2
185.0 1
527.05 1
7.2 43
7.3 24
7.0 38
7.1 35
7.6 21
7.7 16
7.4 27
7.5 26
21.25 129
7.8 15
7.9 25
170.8 3
192.9 1
52.35 1
49.05 1
192.7 1
12.85 1
23.65 82
11.45 4
181.55 1
190.0 1
103.85 1
177.85 1
44.9 1
6.55 30
12.65 4
25.25 57
9.35 8
186.15 1
165.45 1
20.65 156
166.0 1
166.1 1
166.6 2
30.05 5
166.4 2
29.25 15
39.65 1
48.45 1
12.2 2
13.45 4
22.25 112
6.5 23
6.4 32
12.7 5
181.95 1
46.45 1
31.55 4
164.8 2
14.75 13
5.45 20
12.5 5
181.9 1
7.35 32
177.8 2
34.6 1
17.85 259
12.4 3
34.3 1
34.2 1
34.1 1
181.0 2
25.55 48
36.9 2
36.5 1
162.5 1
12.9 2
183.3 1
172.85 1
179.25 1
56.95 1
169.45 2
185.6 1
185.4 1
30.75 3
50.1 1
185.9 2
160.3 1
172.75 2
33.15 1
168.1 1
168.2 1
24.55 79
7.85 10
168.8 1
28.65 23
29.8 15
8.45 12
165.75 2
27.55 26
53.85 1
5.35 9
173.85 1
17.15 273
32.55 1
42.4 1
18.75 172
15.15 148
167.45 2
16.25 244
179.45 1
19.95 142
26.55 39
174.35 1
32.8 1
15.85 509
31.8 2
10.8 6
32.0 1
32.3 1
32.5 2
32.7 2
60.3 1
210.25 1
56.8 1
21.65 136
11.15 6
56.7 3
22.95 83
52.75 2
49.45 1
37.0 1
10.65 7
34.55 1
17.65 241
8.0 19
8.3 19
8.2 12
8.5 10
8.4 9
8.7 8
8.6 13
8.9 9
8.8 10
33.05 1
170.85 1
180.85 1
19.25 183
214.95 1
26.25 39
16.3 249
12.05 2
20.25 155
34.95 1
38.45 1
175.4 1
25.85 54
6.15 26
12.25 3
21.15 140
35.35 1
175.15 2
30.4 4
372.4 1
6.85 31
23.15 105
188.95 1
175.5 1
168.45 2
29.65 12
167.25 1
29.35 10
20.95 155
166.65 1
19.4 155
19.5 139
19.6 152
19.7 169
19.0 158
19.1 158
19.2 163
19.3 138
172.45 1
19.8 157
19.9 157
24.25 69
30.35 7
13.8 2
13.9 6
187.55 1
13.7 2
13.4 3
13.5 2
25.15 50
13.3 3
13.0 3
32.9 2
22.75 96
11.9 2
11.4 2
11.5 1
28.25 21
11.7 1
11.0 5
11.1 1
11.2 8
31.75 2
17.2 243
17.3 256
17.0 255
17.1 246
17.6 286
17.7 290
17.4 272
17.5 255
29.15 19
185.85 1
17.8 279
17.9 239
186.1 1
32.15 2
18.35 216
176.3 1
8.85 13
185.65 1
60.5 1
14.25 4
9.65 10
5.75 18
15.0 59
15.1 106
15.2 157
15.3 170
15.4 197
15.5 253
15.6 334
15.7 449
15.8 497
15.9 472
181.15 1
16.65 190
5.85 26
187.25 1
164.7 1
7.75 14
161.15 2
174.75 1
109.55 1
50.95 1
10.25 8
201.6 1
52.8 1
52.6 1
52.3 2
52.0 1
14.1 2
44.45 1
15.65 363
8.15 22
50.4 1
50.7 1
50.6 1
158.55 1
50.0 1
50.2 1
19.65 158
26.65 44
51.15 4
131.25 1
180.5 1
17.25 212
175.05 2
14.95 53
27.15 29
13.6 1
55.25 1
167.15 1
14.45 1
33.45 1
199.35 1
31.25 4
180.9 1
47.05 1
56.6 1
10.55 5
34.05 1
23.55 72
165.85 1
225.3 1
21.55 117
53.15 1
14.0 4
174.55 1
52.25 1
49.75 2
182.3 2
11.55 1
54.0 1
178.55 2
175.75 1
54.5 1
176.05 1
12.55 8
6.65 35
24.0 78
24.1 74
189.35 1
181.45 1
20.75 136
184.65 1
29.55 24
53.65 4
48.55 1
13.55 3
35.45 1
22.35 112
166.95 1
52.95 2
22.6 103
165.0 1
4.85 1
43.35 1
46.55 1
8.1 12
191.25 1
28.55 24
14.65 13
9.25 7
178.05 1
7.25 28
54.35 1
28.85 18
17.95 222
27.3 42
27.2 37
27.1 35
27.0 45
27.7 20
27.6 24
27.5 28
27.4 29
27.9 30
27.8 27
54.3 1
25.1 60
25.0 57
25.3 67
25.2 54
25.5 56
25.4 68
25.7 66
25.6 58
25.9 40
25.8 38
30.65 9
47.2 1
31.45 2
171.45 1
23.7 79
23.6 82
23.5 79
23.4 82
23.3 86
23.2 85
23.1 102
23.0 105
13.25 4
24.65 59
23.9 68
23.8 89
18.65 187
15.25 162
8.55 13
33.1 1
33.2 1
33.3 2
27.45 35
165.2 2
179.9 1
24.85 56
5.25 7
9.95 9
184.8 1
32.45 1
172.65 1
44.85 1
14.8 18
21.5 147
21.4 119
21.7 110
21.6 126
21.1 129
21.0 144
21.3 155
21.2 136
33.85 1
175.45 1
21.9 121
21.8 133
32.25 2
9.8 9
9.9 4
182.25 1
15.95 517
9.4 9
9.5 3
9.6 2
29.2 15
9.0 6
9.1 5
9.2 5
9.3 11
26.85 47
172.8 1
21.95 120
11.25 4
12.0 4
8.25 15
181.3 1
186.55 1
10.15 8
23.95 66
17.75 282
44.15 1
18.95 185
177.75 2
31.6 3
31.7 3
31.4 3
31.5 1
31.2 4
31.3 2
31.0 3
31.1 4
19.35 134
26.35 39
51.65 1
31.9 1
20.35 161
169.85 3
172.5 1
14.05 3
12.6 7
173.35 1
176.45 1
168.75 1
21.05 144
48.15 1
177.15 1
159.3 1
159.6 1
31.35 4
6.95 31
23.05 96
164.55 1
4.9 1
168.15 1
178.65 1
177.25 1
47.7 1
168.65 1
167.7 1
16.35 210
165.25 1
167.0 2
12.3 2
160.15 1
183.35 1
167.8 1
20.45 148
157.7 1
165.7 1
165.6 1
29.9 10
157.3 1
165.3 1
30.25 7
29.5 13
29.4 15
29.7 7
29.6 15
29.1 12
29.0 12
29.3 13
25.05 57
48.65 1
183.05 1
13.65 4
22.45 97
170.25 3
169.15 2
28.35 16
19.85 146
12.15 1
6.25 33
25.95 45
46.25 1
29.05 6
