155.4 1
201.1 1
146.2 1
160.7 1
148.35 1
146.5 1
155.2 1
152.65 1
157.05 1
143.85 1
155.9 1
140.6 1
153.15 1
155.7 1
148.95 1
140.1 2
145.35 1
163.6 1
132.95 1
151.45 2
150.15 1
161.3 1
155.95 1
163.15 1
150.95 2
153.0 2
153.1 2
153.6 3
153.4 1
153.5 2
157.95 1
142.4 1
158.65 2
147.9 1
152.75 1
142.2 1
142.3 1
149.75 1
162.85 1
153.85 2
138.95 2
151.7 1
151.95 2
137.95 1
134.95 1
140.35 1
142.75 1
145.85 1
174.55 1
140.7 1
159.35 1
155.05 3
141.05 1
144.0 1
144.6 1
144.7 1
144.4 2
144.5 1
144.8 1
144.9 3
140.3 1
138.6 1
145.15 1
142.5 1
138.0 1
161.55 1
156.55 1
157.65 1
149.45 2
138.9 1
150.35 2
143.2 1
143.95 1
160.6 1
134.75 1
144.2 1
142.65 2
144.3 1
145.95 1
147.05 4
144.25 2
160.1 1
160.2 1
154.45 1
168.1 1
151.9 1
157.5 1
151.85 1
131.05 1
145.65 1
144.95 2
150.45 1
140.45 1
138.15 2
169.55 1
143.25 2
143.0 1
163.65 1
147.15 1
136.1 1
139.95 2
160.25 1
142.15 2
136.4 1
136.7 1
148.75 1
146.65 2
159.55 1
163.45 1
143.3 1
145.75 2
141.45 1
140.75 1
139.8 1
146.95 1
139.2 1
164.35 1
139.5 2
138.45 2
162.65 1
142.85 1
137.25 1
147.25 2
139.05 1
154.9 1
135.7 1
166.75 1
146.15 1
134.8 1
223.7 1
141.55 2
150.6 1
140.65 2
150.0 1
150.2 1
156.3 1
136.45 1
152.35 1
150.65 2
155.5 1
146.25 2
149.3 1
153.45 2
149.0 2
149.7 1
149.6 2
149.5 1
137.55 1
186.75 1
161.75 1
151.55 1
142.35 1
157.45 1
149.25 1
148.55 1
154.75 1
146.05 1
148.4 1
154.3 3
154.5 1
154.6 1
147.5 1
147.4 1
147.7 2
154.85 1
147.1 2
147.0 3
145.55 1
147.2 2
159.8 1
141.2 1
142.7 1
141.5 1
147.45 1
141.9 1
159.3 1
159.4 2
159.2 1
144.65 1
158.4 1
158.1 2
151.15 1
158.8 1
143.55 3
156.05 1
152.9 2
142.25 1
152.4 1
242.9 1
152.1 1
154.05 3
151.0 1
151.1 1
127.1 1
156.65 2
151.4 1
143.4 1
143.6 2
151.8 1
143.8 1
157.7 1
170.8 1
147.55 1
157.3 1
136.85 1
145.25 1
183.05 1
144.55 1
148.8 2
148.6 1
148.7 1
152.95 1
148.2 2
148.1 2
138.35 3
161.15 1
143.65 1
145.7 1
145.5 1
145.4 2
145.3 1
145.2 2
145.1 1
