146.0 1
146.1 1
155.6 2
146.4 1
146.5 1
146.6 1
160.05 1
157.05 1
155.8 2
155.9 1
169.25 1
147.65 2
163.0 1
161.9 1
161.8 1
168.15 1
150.15 1
161.3 1
161.2 1
166.7 1
150.95 1
153.0 1
153.35 1
153.5 2
161.25 1
151.65 1
180.35 1
142.1 1
142.3 1
149.75 2
161.45 1
142.9 1
211.25 1
166.8 1
153.05 1
148.85 1
166.1 1
145.05 1
168.05 1
154.35 1
155.85 2
245.65 1
150.25 1
144.2 2
141.05 1
144.1 1
144.7 1
144.5 1
144.8 1
161.35 1
151.15 1
178.4 1
156.55 2
157.65 1
149.45 1
173.1 1
137.85 1
186.9 1
162.0 1
155.05 1
144.3 1
166.15 1
160.0 1
160.1 1
147.85 2
151.05 1
164.95 1
188.45 1
156.7 1
146.05 1
621.85 1
156.25 1
158.05 1
167.9 1
148.15 1
169.55 1
143.25 1
151.25 1
139.15 1
142.95 1
147.95 1
139.95 1
160.25 1
160.95 1
148.75 1
136.9 1
155.25 1
157.25 1
199.6 1
158.95 1
156.35 2
144.85 1
146.95 1
139.3 1
152.25 1
139.7 1
136.55 1
138.45 1
153.55 1
184.0 1
157.55 1
154.65 1
159.45 1
150.9 1
150.1 1
146.85 1
156.5 2
156.4 1
152.35 1
156.9 1
156.8 1
149.8 1
163.25 1
149.3 2
162.55 1
153.45 2
149.7 1
149.4 1
161.75 1
151.55 2
160.45 1
148.55 1
154.75 1
155.45 1
159.75 1
229.95 1
154.1 2
154.3 2
172.2 1
154.9 1
154.8 1
147.7 1
147.2 1
141.7 3
141.5 1
159.1 1
159.2 2
159.5 2
158.5 1
158.4 1
152.85 1
238.5 1
158.8 1
162.45 1
152.05 1
156.05 2
152.8 3
139.65 1
152.2 1
152.1 1
151.1 2
156.65 1
143.4 1
156.75 2
159.85 1
188.05 1
157.6 1
157.7 2
157.5 1
157.3 1
146.65 1
157.8 1
157.9 2
148.8 1
148.4 1
150.05 1
148.2 1
148.3 1
156.95 1
148.1 2
145.6 1
162.35 1
154.15 1
