0.151,280
0.146,280
0.174,280
0.145,280
0.147,280
0.145,280
0.152,280
0.154,280
0.156,280
0.163,280
0.145,280
0.155,280
0.153,280
0.158,280
0.143,280
0.163,280
0.189,280
0.153,280
0.141,280
0.149,280
0.17,280
0.146,280
0.149,280
0.142,280
0.135,280
0.134,280
0.133,280
0.153,280
0.146,280
6.065,280
0.154,280
0.145,280
0.15,280
0.14,280
0.149,280
0.148,280
0.146,280
5.883,280
0.193,280
6.503,280
0.135,280
5.957,280
0.15,280
0.153,280
0.149,280
5.477,280
5.898,280
5.727,280
0.151,280
6.096,280
5.54,280
0.146,280
0.145,280
0.136,280
0.188,280
0.15,280
6.092,280
6.239,280
0.133,280
0.153,280
0.141,280
6.141,280
5.734,280
7.514,280
0.15,280
7.4,280
5.901,280
9.482,280
0.193,280
0.148,280
9.902,280
5.829,280
8.19,280
0.136,280
0.134,280
6.977,280
10.725,280
0.147,280
10.196,280
6.489,280
0.151,280
8.031,280
7.838,280
7.227,280
0.171,280
8.641,280
6.884,280
6.35,280
0.136,280
6.479,280
10.391,280
6.939,280
6.691,280
8.811,280
5.941,280
0.152,280
7.23,280
0.151,280
6.044,280
5.991,280
0.151,280
6.549,280
6.563,280
6.902,280
9.175,280
0.15,280
0.136,280
8.458,280
7.367,280
0.153,280
5.73,280
7.201,280
7.246,280
8.37,280
9.964,280
8.215,280
0.145,280
9.322,280
7.203,280
7.255,280
6.629,280
6.156,280
0.149,280
6.183,280
0.151,280
8.985,280
10.173,280
8.469,280
6.345,280
6.648,280
6.823,280
9.686,280
7.712,280
7.099,280
6.309,280
9.514,280
0.153,280
6.108,280
6.804,280
0.158,280
6.361,280
9.449,280
0.156,280
9.652,280
7.973,280
8.465,280
7.616,280
0.179,280
9.351,280
8.706,280
7.9,280
0.155,280
9.586,280
6.549,280
9.16,280
6.745,280
5.879,280
9.147,280
9.284,280
6.628,280
6.827,280
7.021,280
9.885,280
11.786,280
6.978,280
8.644,280
7.207,280
10.133,280
6.61,280
8.605,280
5.907,280
0.141,280
6.209,280
0.15,280
6.944,280
6.067,280
5.974,280
7.192,280
6.701,280
0.157,280
8.637,280
8.112,280
6.311,280
9.894,280
7.456,280
7.668,280
7.477,280
6.888,280
8.9,280
9.474,280
7.487,280
6.485,280
9.046,280
0.156,280
7.612,280
0.155,280
7.563,280
6.73,280
0.171,280
6.097,280
10.949,280
0.189,280
0.181,280
0.183,280
0.175,280
0.231,280
0.169,280
0.19,280
0.182,280
0.236,280
0.214,280
0.176,280
0.243,280
0.2,280
0.214,280
0.178,280
0.185,280
0.184,280
0.347,280
0.191,280
0.181,280
0.182,280
0.207,280
0.171,280
0.239,280
0.19,280
0.192,280
0.19,280
0.185,280
0.176,280
0.185,280
0.175,280
0.182,280
0.19,280
0.222,280
0.182,280
0.194,280
0.196,280
0.193,280
0.198,280
0.187,280
0.168,280
0.236,280
0.225,280
0.184,280
0.201,280
0.186,280
0.194,280
0.165,280
0.161,280
0.187,280
0.2,280
0.179,280
0.096,280
