0.036,280
0.034,280
0.035,280
0.036,280
0.035,280
0.035,280
0.033,280
0.035,280
0.035,280
0.035,280
0.037,280
0.035,280
0.033,280
0.031,280
0.048,280
0.039,280
0.043,280
0.045,280
0.031,280
0.086,280
0.04,280
0.057,280
0.05,280
0.041,280
0.054,280
0.038,280
0.047,280
0.041,280
0.044,280
0.076,280
0.041,280
0.045,280
0.044,280
0.093,280
0.05,280
0.035,280
0.048,280
0.037,280
0.036,280
0.039,280
0.039,280
0.043,280
0.045,280
0.039,280
0.039,280
0.034,280
0.051,280
0.045,280
0.046,280
0.036,280
0.046,280
0.057,280
0.046,280
0.044,280
0.035,280
0.036,280
0.079,280
0.058,280
0.042,280
0.045,280
0.042,280
0.045,280
0.047,280
0.042,280
0.049,280
0.038,280
0.039,280
0.047,280
0.038,280
0.048,280
0.041,280
0.045,280
0.04,280
0.042,280
0.04,280
0.045,280
0.043,280
0.042,280
0.039,280
0.051,280
0.039,280
0.053,280
0.039,280
0.036,280
0.055,280
0.043,280
0.046,280
0.046,280
0.038,280
0.047,280
0.058,280
0.04,280
0.049,280
0.052,280
0.056,280
0.038,280
0.047,280
0.033,280
0.04,280
0.05,280
0.042,280
0.037,280
0.047,280
0.036,280
0.043,280
0.051,280
0.036,280
0.044,280
0.042,280
0.045,280
0.047,280
0.038,280
0.05,280
0.058,280
0.047,280
0.038,280
0.049,280
0.04,280
0.047,280
0.046,280
0.039,280
0.043,280
