150.285,280
158.886,280
143.784,280
157.717,280
134.599,280
151.011,280
141.483,280
142.349,280
143.202,280
150.762,280
143.289,280
145.62,280
144.746,280
151.349,280
144.367,280
143.455,280
139.095,280
144.851,280
143.495,280
144.63,280
155.014,280
145.933,280
139.287,280
148.748,280
140.363,280
138.702,280
139.933,280
145.117,280
138.881,280
152.434,280
155.491,280
151.684,280
143.007,280
149.637,280
155.68,280
153.084,280
146.633,280
136.878,280
144.639,280
144.528,280
151.481,280
143.417,280
144.521,280
147.457,280
149.307,280
151.185,280
146.993,280
142.822,280
143.341,280
146.975,280
144.888,280
149.881,280
145.51,280
152.445,280
141.294,280
152.524,280
147.981,280
153.56,280
155.614,280
143.162,280
152.219,280
151.72,280
158.483,280
134.842,280
144.792,280
146.44,280
153.042,280
147.078,280
149.957,280
145.865,280
145.661,280
156.686,280
149.089,280
153.642,280
164.491,280
150.028,280
156.73,280
159.646,280
156.054,280
152.536,280
159.895,280
149.213,280
157.731,280
150.62,280
157.945,280
157.312,280
155.279,280
158.933,280
162.527,280
158.02,280
163.984,280
148.958,280
146.345,280
158.096,280
153.875,280
152.471,280
158.561,280
154.771,280
152.888,280
158.038,280
151.058,280
151.787,280
158.521,280
158.162,280
157.04,280
153.572,280
152.02,280
159.715,280
153.652,280
157.022,280
158.758,280
157.448,280
165.475,280
164.333,280
149.742,280
158.337,280
145.934,280
154.749,280
156.986,280
160.299,280
166.84,280
162.339,280
160.887,280
155.662,280
155.627,280
154.473,280
158.71,280
139.504,280
154.55,280
143.777,280
172.424,280
141.761,280
138.17,280
147.807,280
146.594,280
144.424,280
148.015,280
140.54,280
146.052,280
324.439,280
148.859,280
136.335,280
139.499,280
148.954,280
147.554,280
143.656,280
149.664,280
155.325,280
139.219,280
137.501,280
142.976,280
146.959,280
151.856,280
139.212,280
141.516,280
136.03,280
144.943,280
143.537,280
144.197,280
142.123,280
146.533,280
145.277,280
148.481,280
143.138,280
139.083,280
148.429,280
138.381,280
141.331,280
146.825,280
149.166,280
146.996,280
141.733,280
137.197,280
241.627,280
140.344,280
145.81,280
135.168,280
149.167,280
143.881,280
149.151,280
147.93,280
152.337,280
139.56,280
146.823,280
153.022,280
141.985,280
142.488,280
145.384,280
144.367,280
149.784,280
141.077,280
142.527,280
144.103,280
147.74,280
138.386,280
143.366,280
151.253,280
153.018,280
141.757,280
141.245,280
143.523,280
147.639,280
144.412,280
141.209,280
142.092,280
143.736,280
140.359,280
154.398,280
145.239,280
148.707,280
144.289,280
148.084,280
142.676,280
147.39,280
141.961,280
145.771,280
149.205,280
142.827,280
142.755,280
141.329,280
141.185,280
143.453,280
