12.75 1
7.15 3
6.1 1
0.35 2
6.65 3
0.1 4
0.3 2
0.2 78
7.55 1
6.7 2
6.6 2
6.5 4
6.4 3
7.6 2
6.2 2
7.4 4
6.0 2
10.65 1
7.8 1
7.9 1
8.75 2
9.35 3
8.0 2
8.3 1
8.2 2
8.5 2
8.4 2
8.7 1
5.7 1
11.4 1
0.25 12
8.65 2
6.75 3
0.4 2
7.65 1
9.9 2
6.95 1
9.4 1
9.5 2
7.85 1
9.7 1
9.0 1
9.2 2
9.3 1
9.45 4
10.35 1
9.15 2
9.25 1
10.0 2
11.05 1
9.05 1
6.15 2
5.95 2
0.15 44
8.25 1
7.45 2
8.05 2
7.5 3
9.65 1
10.15 1
5.75 1
7.1 1
7.2 1
6.85 2
7.3 2
8.95 1
12.95 2
8.6 2
8.35 3
5.85 1
7.75 2
7.0 1
5.9 4
7.95 2
9.55 2
7.7 3
