80.6 1
82.05 1
1.6 1
73.85 1
1.1 1
89.25 1
0.1 1
79.55 1
0.3 637
0.2 1
0.5 3
0.4 241
0.7 1
91.55 1
82.4 1
83.65 1
79.8 1
82.0 1
0.65 1
88.85 1
79.3 1
81.3 1
78.6 1
0.45 35
82.8 1
79.7 1
79.5 1
77.85 1
4.4 1
81.0 1
78.95 1
74.5 1
75.9 1
0.25 232
92.15 1
75.5 1
72.55 1
78.45 1
71.95 2
76.1 1
84.85 1
97.5 1
97.2 1
0.85 2
85.9 1
79.75 1
80.65 1
90.9 1
70.65 1
77.35 1
84.0 1
71.7 1
85.0 2
73.95 1
81.6 1
77.55 1
80.95 1
88.05 1
0.75 2
83.35 1
0.55 2
91.9 1
84.5 1
87.95 1
89.1 1
82.95 1
89.7 1
86.6 1
74.35 1
0.35 463
83.75 1
83.85 1
84.6 1
86.0 1
96.15 1
93.85 1
85.25 1
71.25 1
86.2 1
81.55 1
