3.75 2
6.1 2
6.0 1
0.45 568
5.65 1
1.15 36
1.85 40
2.85 1
6.35 2
2.15 29
5.55 4
3.65 1
0.55 199
1.05 40
2.25 10
5.45 2
3.6 2
3.7 1
2.9 2
2.8 2
3.2 1
3.3 1
3.0 1
3.1 1
2.3 3
2.2 16
2.1 40
2.0 69
2.7 1
2.6 1
2.5 3
3.9 1
2.35 5
1.95 61
0.25 28227
1.75 6
3.05 1
5.35 2
1.45 6
2.45 3
0.35 4805
1.65 4
57.8 1
1.4 13
8.55 1
0.8 35
14.95 1
5.25 1
2.55 3
8.8 1
4.25 1
0.85 34
1.8 22
1.55 7
6.15 1
1.9 55
0.15 15851
8.25 1
4.45 1
2.65 3
3.4 1
3.35 1
0.95 29
0.9 35
1.5 12
1.6 13
1.7 7
1.0 35
1.1 28
1.2 49
1.3 15
0.1 1692
0.3 13058
0.2 12205
0.5 236
0.4 2124
0.7 55
0.6 93
0.65 53
5.05 2
4.5 1
5.1 1
5.2 1
4.6 1
4.0 1
4.3 1
5.7 4
5.8 3
5.9 2
3.25 1
3.8 2
2.4 4
1.35 15
5.0 1
2.95 1
5.3 1
0.75 45
5.95 1
5.75 3
5.6 2
7.75 1
2.05 50
1.25 39
