7.15 42
35.8 2
35.9 3
32.05 14
35.2 1
35.3 1
35.0 2
35.35 3
35.6 3
18.25 19
35.4 2
35.5 3
160.85 1
163.9 1
37.0 1
175.0 3
37.3 2
14.55 8
175.7 2
5.65 8
9.55 34
30.95 28
288.55 1
27.95 74
169.1 1
24.35 137
169.3 1
215.6 1
7.65 38
178.95 1
169.7 2
169.6 1
28.45 72
27.75 70
177.9 1
35.1 1
45.3 1
177.3 1
177.6 1
35.7 3
208.55 1
204.85 1
18.55 58
15.75 5
171.4 2
182.15 1
8.65 51
55.75 1
205.75 1
170.55 1
173.8 1
19.75 170
10.6 31
26.75 78
173.6 1
173.7 2
16.55 1
17.35 6
8.95 50
167.35 2
27.05 82
16.05 5
160.5 1
36.35 1
33.55 7
55.7 1
7.5 45
295.85 1
304.65 1
186.4 1
10.45 43
34.75 3
23.45 158
292.15 1
164.15 1
193.85 1
163.1 1
21.45 209
168.95 1
202.95 1
246.4 1
332.7 1
329.8 1
19.05 369
171.5 1
348.95 1
146.75 1
206.15 1
175.65 2
11.65 24
37.7 2
407.65 1
318.1 1
178.25 1
6.75 44
12.45 14
11.85 19
35.55 2
22.05 174
190.85 1
36.4 1
20.05 150
286.45 1
31.85 22
23.35 162
93.45 1
29.45 45
161.95 1
268.85 1
27.0 91
323.85 1
173.75 1
4.95 2
287.35 1
180.2 1
180.3 1
180.0 1
13.85 10
14.95 8
180.8 1
9.15 36
54.25 1
28.95 63
182.0 1
13.15 8
29.85 45
182.4 1
25.75 115
252.8 1
182.9 1
16.95 4
183.65 1
28.05 73
184.1 1
31.15 27
213.7 1
30.55 35
169.2 1
87.45 1
169.5 1
268.15 2
13.35 9
24.75 117
212.35 1
200.6 1
18.15 4
15.35 7
13.2 10
25.0 128
202.45 1
41.5 1
27.35 90
169.9 1
24.95 147
9.85 43
5.15 4
43.1 1
32.75 17
31.05 33
276.45 1
214.15 1
162.55 2
36.75 1
33.95 3
177.65 1
170.15 1
265.15 1
112.35 1
23.85 151
230.7 1
35.65 2
53.2 1
26.95 93
21.85 192
206.25 1
15.45 4
45.45 1
8.35 33
206.6 1
206.9 1
10.05 44
5.0 1
5.1 1
5.2 4
5.3 4
5.4 5
5.5 3
5.6 5
5.7 12
5.8 6
5.9 8
18.85 212
240.1 1
10.95 43
33.25 7
77.4 1
193.55 1
170.65 1
19.45 317
26.05 95
339.55 1
169.95 1
204.4 1
204.7 1
204.6 1
208.95 1
172.05 1
38.25 2
315.2 1
200.55 1
21.35 231
163.35 1
177.7 1
13.3 13
35.15 1
208.5 1
208.4 1
208.1 2
17.45 3
208.2 1
181.35 2
12.95 10
34.25 11
23.75 157
11.35 31
219.55 1
202.6 1
180.45 1
11.6 23
12.75 11
6.45 28
25.35 104
33.5 11
160.05 1
15.25 2
6.7 35
6.6 34
12.1 12
20.55 216
6.3 32
6.2 30
6.1 14
6.0 11
220.3 1
8.55 38
12.9 10
12.8 9
250.7 1
6.9 26
6.8 43
10.1 35
10.0 38
10.3 42
10.2 31
10.5 37
10.4 43
10.7 42
13.75 8
10.9 36
22.55 205
33.3 8
95.5 1
222.7 1
166.7 1
16.7 3
16.6 5
16.5 6
16.4 7
6.35 26
12.05 23
16.1 6
25.85 83
195.45 1
265.3 1
29.35 51
16.8 4
9.45 41
216.1 1
7.05 52
5.55 5
216.4 1
216.6 1
216.7 1
32.35 15
252.4 1
171.65 3
210.4 2
285.85 1
185.45 1
26.8 85
26.9 80
26.6 68
26.7 85
26.4 84
26.5 80
26.2 100
26.3 78
26.0 92
26.1 88
31.25 31
14.15 10
14.7 1
14.6 11
24.8 130
24.9 112
14.3 4
14.2 8
24.4 130
24.5 128
24.6 163
24.7 136
14.9 9
27.85 68
24.2 154
24.3 131
22.2 168
22.3 179
22.0 185
22.1 182
22.6 167
22.7 149
22.4 172
22.5 188
7.95 26
22.8 189
22.9 168
208.9 1
260.55 1
178.3 1
202.15 1
27.65 78
212.2 1
218.6 1
212.8 1
17.05 3
18.45 44
15.05 5
8.75 39
20.0 162
20.1 159
20.2 194
20.3 194
20.4 211
20.5 196
20.6 214
20.7 227
20.8 226
20.9 241
26.45 78
224.0 1
206.1 1
15.95 2
174.25 2
60.0 1
214.5 1
214.8 1
214.9 1
55.45 1
21.75 199
217.6 1
11.05 36
22.85 176
49.55 1
181.75 1
10.75 31
34.65 6
215.35 1
183.55 2
232.5 1
173.9 2
209.8 1
54.65 1
16.15 7
214.45 1
36.45 2
205.85 1
19.15 373
136.5 1
177.35 1
238.3 1
167.65 1
212.45 1
11.75 28
31.95 24
108.9 1
226.3 1
184.45 1
173.15 2
12.35 7
6.05 19
164.4 1
11.95 18
35.25 1
22.15 188
328.75 1
211.9 1
14.0 7
20.15 150
23.25 181
29.75 49
34.8 6
39.55 1
209.5 1
211.05 1
199.15 1
20.85 230
166.75 1
34.5 2
29.95 36
16.85 6
34.4 6
37.6 1
68.35 1
24.15 142
9.05 30
7.45 31
5.95 13
28.8 49
28.9 68
28.0 64
28.1 68
28.2 68
28.3 66
28.4 56
28.5 68
28.6 63
28.7 58
22.65 162
167.6 1
9.7 33
28.15 82
31.65 26
18.9 242
18.8 201
110.3 1
160.45 1
179.2 1
18.1 10
18.0 6
18.3 29
18.2 12
18.5 41
18.4 23
13.05 11
18.6 76
174.7 2
32.65 17
30.9 40
30.8 31
174.3 2
174.2 1
174.1 1
18.05 9
30.3 43
30.2 36
30.1 49
30.0 42
30.7 26
30.6 42
30.5 41
27.25 73
38.2 1
176.6 2
176.1 2
176.0 1
14.35 5
25.2 118
5.05 1
9.75 30
38.8 1
176.9 1
176.8 2
81.5 1
180.75 1
14.45 10
163.85 1
183.1 1
16.75 3
36.65 1
36.0 1
217.95 1
179.0 1
13.95 4
6.4 31
273.8 1
46.5 1
10.35 47
14.85 5
215.75 1
261.3 1
46.9 1
210.75 1
170.9 2
15.55 10
8.05 31
170.2 3
170.6 1
172.9 3
26.15 99
30.45 34
212.85 3
17.55 3
267.25 1
32.95 13
207.55 1
10.85 26
36.15 1
33.35 7
19.55 254
160.0 1
173.3 1
7.2 44
7.3 24
7.0 43
7.1 43
7.6 45
7.7 30
7.4 30
25.65 93
21.25 230
7.8 33
7.9 29
170.8 3
189.5 1
13.9 1
189.2 1
166.35 2
201.7 1
12.85 12
34.15 4
23.65 148
277.65 1
11.45 18
31.75 23
44.0 1
190.0 1
209.75 1
190.7 1
6.55 31
12.65 12
25.25 116
186.25 1
168.3 1
106.95 1
228.15 1
20.65 227
166.2 1
166.1 1
166.6 1
30.05 52
184.75 1
29.25 52
37.15 1
12.2 12
155.85 1
13.45 5
35.75 1
22.25 207
6.5 22
273.1 1
213.55 1
176.65 1
12.0 21
212.7 3
317.2 1
34.85 5
157.35 1
31.55 15
14.75 5
5.45 3
9.35 37
34.9 5
7.35 32
34.7 6
34.6 6
17.85 7
12.4 14
34.3 4
32.25 19
34.1 1
34.0 10
25.55 95
211.95 1
136.35 1
162.9 1
36.5 1
162.7 1
36.7 1
36.1 2
30.15 51
36.3 1
36.2 3
179.25 1
217.75 1
31.35 33
182.85 1
185.6 1
30.75 41
171.55 3
160.6 1
254.8 1
168.4 1
225.95 1
172.75 1
31.5 28
234.25 1
175.95 1
24.55 140
7.85 37
168.8 1
173.25 1
28.65 58
113.75 1
247.15 1
8.45 40
170.95 1
27.55 69
40.1 1
40.7 1
5.35 8
168.15 1
17.15 4
32.55 10
18.75 167
15.15 7
167.45 2
16.25 6
36.55 2
33.75 10
179.45 1
162.75 1
19.95 155
26.55 95
174.35 1
32.8 14
15.85 5
18.7 142
10.8 30
32.1 17
32.0 16
32.3 24
32.2 17
32.5 19
32.4 19
32.7 21
32.6 13
21.65 197
174.6 2
11.15 34
22.95 183
335.9 1
174.4 3
10.65 29
34.55 4
222.6 1
312.55 1
215.05 1
17.65 4
8.0 34
8.3 33
8.2 32
8.5 32
8.4 39
8.7 45
8.6 33
8.9 37
8.8 38
199.95 1
273.15 1
33.05 15
245.4 1
180.85 1
19.25 387
26.25 99
16.3 2
171.85 1
16.2 3
20.25 185
164.85 1
34.95 3
176.35 1
16.0 4
6.15 22
12.25 17
21.15 244
174.9 1
12.3 12
170.35 1
30.4 30
167.15 1
36.05 1
6.85 41
23.15 163
183.45 1
29.65 49
192.55 1
16.9 5
20.95 246
38.6 1
19.4 358
19.5 296
19.6 247
19.7 215
19.0 340
19.1 365
19.2 352
19.3 380
188.15 1
172.45 1
19.8 194
19.9 142
24.25 125
348.3 1
164.45 1
208.05 1
30.35 43
13.8 7
285.55 1
13.6 7
13.7 9
13.4 8
13.5 12
25.15 92
41.45 1
13.0 14
13.1 10
32.9 9
35.85 4
22.75 163
11.8 22
11.9 22
182.35 1
11.4 17
11.5 32
28.25 74
11.7 15
11.0 43
11.1 26
11.2 46
11.3 20
17.2 3
17.3 4
17.0 2
17.1 5
17.6 4
17.7 1
17.4 7
17.5 6
29.15 60
17.8 6
17.9 5
233.45 1
32.15 24
18.35 25
212.4 2
159.85 1
8.85 39
211.3 1
179.85 3
211.0 2
211.7 1
209.0 2
14.25 10
9.65 47
211.25 1
209.4 2
5.75 6
209.7 1
15.0 4
15.1 5
15.2 3
15.3 4
15.4 3
15.5 9
15.6 2
15.7 7
15.8 2
15.9 5
167.85 1
16.65 4
5.85 9
187.25 1
7.75 38
16.45 5
213.5 1
10.25 42
237.1 1
213.6 3
213.9 2
223.85 1
15.65 4
207.1 2
8.15 50
19.65 210
26.65 96
171.6 2
206.65 1
17.25 5
283.8 1
249.2 1
32.85 21
24.05 130
27.15 75
162.65 1
76.8 1
151.65 1
215.4 1
33.45 10
179.75 1
14.5 4
205.7 2
240.95 1
14.4 3
205.9 1
7.55 27
10.55 44
34.05 7
23.55 153
165.85 1
14.1 9
21.55 231
200.75 1
30.85 41
209.65 1
255.65 1
182.95 1
34.2 4
203.3 1
11.55 30
37.45 1
38.75 1
12.55 10
6.65 37
177.55 1
24.0 145
46.6 1
24.1 131
36.85 1
217.55 1
164.35 1
20.75 224
184.65 1
208.45 2
29.55 53
322.35 1
200.05 1
13.55 10
35.45 2
22.35 181
24.45 115
165.0 1
4.85 2
164.95 1
8.1 31
14.65 9
9.25 30
7.25 25
187.75 1
28.85 57
17.95 8
171.35 2
27.3 83
27.2 73
27.1 80
25.45 111
27.7 85
27.6 80
27.5 77
27.4 78
27.9 80
27.8 67
284.35 1
25.1 131
28.75 72
25.3 111
28.55 54
25.5 110
25.4 117
25.7 102
25.6 106
25.9 101
25.8 104
30.65 26
236.55 1
23.7 128
23.6 132
23.5 159
23.4 173
23.3 174
23.2 150
23.1 149
23.0 177
13.25 8
24.65 134
23.9 157
23.8 157
33.4 11
18.65 103
33.6 6
33.7 7
33.0 11
33.1 7
33.2 8
179.1 2
27.45 73
33.8 10
33.9 5
24.85 127
5.25 7
9.95 39
32.45 16
190.65 1
39.0 1
14.8 4
21.5 221
21.4 207
21.7 166
21.6 204
21.1 250
21.0 240
21.3 235
21.2 234
33.85 4
170.05 1
21.9 152
21.8 180
216.3 1
175.4 2
9.8 41
9.9 43
182.25 1
223.55 1
9.4 37
9.5 31
9.6 38
25.05 107
9.0 30
9.1 48
9.2 33
9.3 35
215.15 1
210.15 1
26.85 99
21.95 187
11.25 23
298.05 1
8.25 35
10.15 54
34.45 4
23.95 139
17.75 8
212.65 2
39.5 1
18.95 288
12.7 15
31.6 26
31.7 20
31.4 31
33.15 12
31.2 35
31.3 27
31.0 24
31.1 24
19.35 336
26.35 112
31.8 20
31.9 28
20.35 198
169.85 2
14.05 8
12.6 11
217.25 1
168.75 1
21.05 226
390.85 1
165.9 1
6.95 35
34.35 5
23.05 167
12.5 18
164.55 2
294.9 1
180.55 1
168.65 1
209.55 1
166.55 2
16.35 5
197.75 2
167.3 1
167.1 1
36.25 2
41.3 1
160.15 1
33.65 8
167.8 3
20.45 182
165.4 1
31.45 29
165.6 2
29.9 36
29.8 52
30.25 52
29.5 55
29.4 54
29.7 50
29.6 43
29.1 47
29.0 50
29.3 61
29.2 58
186.95 1
13.65 7
205.65 1
22.45 134
256.5 1
170.25 2
28.35 77
19.85 166
12.15 15
6.25 21
25.95 95
40.25 1
29.05 56
160.65 1
