156.75 1
155.5 1
155.7 2
135.2 1
241.65 1
146.6 1
155.3 1
157.05 2
149.65 1
140.4 2
140.35 1
134.85 1
158.55 1
142.8 1
144.45 2
153.1 1
153.6 2
153.7 1
154.4 1
143.75 1
153.9 1
157.95 1
142.5 1
142.7 1
142.0 2
142.1 1
149.75 1
147.6 1
157.75 2
149.8 1
153.05 3
147.75 1
145.85 1
143.15 1
146.45 1
144.3 1
144.4 2
149.2 3
144.8 1
144.9 2
143.05 1
145.15 1
138.4 2
138.2 1
158.75 1
151.1 1
164.0 1
152.45 2
143.3 1
138.9 1
151.3 1
136.35 1
164.35 1
143.4 1
155.05 1
152.25 1
139.25 2
160.9 1
145.95 2
160.3 1
143.9 1
148.05 1
147.85 1
155.35 1
151.9 1
151.05 1
141.75 1
146.1 1
137.2 1
145.65 1
144.95 1
152.55 2
144.15 1
158.05 2
148.1 1
153.65 1
151.35 1
143.0 1
147.65 1
154.55 1
139.95 1
142.15 1
166.85 1
148.75 2
136.9 1
146.65 1
138.75 1
158.95 1
139.3 1
139.1 2
139.6 1
139.5 1
324.45 1
143.35 1
142.85 2
147.95 1
146.55 1
147.4 1
157.35 1
150.8 1
143.25 1
141.55 1
150.0 1
150.3 1
164.5 1
156.1 1
156.7 1
152.35 1
150.65 1
144.2 1
149.9 1
144.75 1
141.2 1
162.55 1
149.1 1
149.0 2
149.7 1
137.55 1
143.45 1
142.35 1
157.45 1
149.25 2
154.75 1
159.75 1
148.5 1
154.5 1
134.6 1
147.5 1
154.8 1
172.45 1
147.1 1
147.0 4
145.55 1
141.25 2
141.3 1
159.9 1
141.1 1
141.5 1
158.35 1
141.8 2
152.05 1
144.65 2
146.35 1
159.65 1
158.6 1
158.1 1
158.2 1
158.9 1
158.8 1
143.55 2
149.35 1
152.9 1
152.5 1
148.45 1
158.5 1
151.2 1
143.2 1
143.5 3
151.5 1
143.7 1
151.7 1
151.8 1
143.8 2
141.35 2
165.5 1
157.0 1
145.25 1
145.4 1
144.55 2
155.65 2
148.9 1
150.05 1
148.0 1
136.05 1
140.55 1
151.75 1
145.9 1
145.8 1
145.7 1
146.85 2
162.35 1
145.3 1
139.55 1
142.55 1
