6.45 2
3.75 3
2.75 1
4.45 9
7.2 19
6.6 4
7.0 16
7.1 12
7.6 7
6.2 2
7.4 5
6.0 3
8.15 1
7.8 2
0.45 1472
5.65 5
6.8 10
1.15 50
6.55 1
1.85 18
2.5 3
6.35 3
16.1 1
2.15 5
7.05 21
5.55 5
3.65 2
7.55 4
7.9 3
0.55 189
3.55 7
6.7 7
1.05 52
7.3 18
4.75 3
2.55 7
7.95 1
2.25 13
4.15 2
6.1 1
7.35 16
7.5 4
3.15 4
3.6 5
3.7 4
2.9 4
3.5 5
3.2 2
3.3 2
3.0 8
3.1 5
2.3 3
2.2 8
6.9 16
2.0 10
2.7 1
2.6 4
3.8 4
3.9 4
2.35 12
1.95 18
7.15 19
0.25 27813
1.75 9
3.35 3
4.35 5
6.95 21
7.85 1
4.85 5
8.45 1
7.25 17
3.05 5
4.65 5
1.45 9
2.45 4
5.35 6
0.35 14571
1.65 15
4.95 3
1.5 14
1.4 15
8.55 2
2.85 2
9.15 1
6.05 2
5.25 2
5.45 4
8.1 1
8.0 3
8.3 2
8.2 3
8.5 1
3.85 2
8.8 1
6.65 4
5.75 2
6.5 2
9.8 1
0.85 57
7.65 4
9.0 1
0.5 420
1.55 19
7.45 16
1.9 15
0.15 3797
5.15 2
3.95 4
8.7 1
6.85 18
2.65 4
3.4 3
2.8 6
0.95 47
0.9 58
0.8 43
1.6 15
1.7 15
1.0 44
1.1 59
1.2 47
1.3 26
0.1 2089
0.3 16078
0.2 5868
1.8 5
0.4 5909
0.7 87
0.6 158
5.05 1
8.35 2
4.05 2
0.65 91
4.55 2
7.7 4
2.1 2
5.0 6
4.4 3
4.7 6
4.6 4
4.1 3
5.5 2
4.3 4
4.2 1
5.8 4
5.9 4
4.9 2
4.8 6
3.25 5
8.75 1
6.4 1
2.4 9
1.35 16
4.5 4
3.45 4
5.2 5
5.3 2
0.75 88
8.05 3
5.4 3
5.95 2
4.25 3
4.0 2
2.95 3
5.6 5
5.7 3
5.85 3
7.75 2
2.05 6
6.75 16
1.25 48
