3.15 1
6.2 1
6.1 1
6.0 5
0.45 751
5.65 7
1.15 48
1.85 6
6.55 1
5.55 4
3.65 1
0.55 206
1.05 32
1.9 6
2.25 4
4.15 2
2.95 2
3.6 1
2.9 1
3.5 1
3.2 2
3.3 2
3.0 1
3.1 1
2.3 5
2.2 2
2.1 3
2.0 5
2.7 1
2.6 2
2.5 2
3.9 1
2.35 3
1.95 6
0.25 32428
1.75 4
3.05 1
4.65 1
10.2 1
117.1 1
3.95 1
0.35 6160
1.65 7
1.5 9
1.4 3
2.85 1
328.15 1
4.75 1
5.45 1
2.55 3
0.05 2
3.85 1
0.85 22
0.95 20
9.1 1
1.8 7
1.55 6
6.15 1
5.95 3
0.15 6797
4.45 1
2.45 1
2.65 1
3.4 1
1.45 10
0.9 31
0.8 28
1.6 2
1.7 7
1.0 21
1.1 20
1.2 32
1.3 30
0.1 9242
0.3 20445
0.2 206
0.5 303
0.4 2444
0.7 69
0.6 143
4.05 1
0.65 78
5.1 1
4.7 1
4.1 2
5.5 2
4.3 1
4.2 1
5.8 3
5.9 4
2.75 1
3.25 1
2.4 2
1.35 14
3.45 2
13.15 1
0.75 41
5.4 2
5.75 5
15.7 1
5.7 1
5.85 5
2.05 3
1.25 20
