6.45 2
8.55 1
8.8 1
7.35 2
0.1 12
0.3 4
0.2 45
12.35 1
6.05 7
7.2 1
10.7 1
12.1 1
6.4 4
6.3 6
6.2 8
6.1 1
6.0 11
8.15 1
12.0 1
7.8 2
7.9 1
5.65 2
6.8 1
8.0 2
8.3 2
8.2 1
7.3 1
5.5 1
5.6 3
5.7 3
5.8 4
0.25 7
16.75 1
8.65 1
11.3 2
0.45 2
6.75 1
7.75 1
6.35 1
16.2 1
9.4 1
9.6 1
9.55 1
9.1 2
9.45 1
7.05 2
5.55 4
8.4 1
10.0 1
7.25 1
6.15 2
5.95 10
0.15 24
14.05 1
7.45 1
7.5 1
5.75 7
6.85 2
6.7 1
8.7 1
13.65 1
6.95 2
6.6 4
14.15 1
7.15 2
0.35 4
11.05 1
6.5 1
5.85 8
8.9 1
6.25 7
10.05 1
5.9 5
11.15 1
7.95 3
11.75 1
7.6 2
