2.85 11
1.6 6
1.7 6
19.1 2
13.85 1
1.5 3
0.1 3
3.15 1
12.2 4
3.4 2
2.8 5
3.2 2
3.0 3
13.7 1
12.45 2
15.05 2
2.6 2
2.5 3
2.4 3
12.15 1
4.6 1
11.9 2
2.55 4
13.75 2
10.8 1
3.35 1
2.75 9
1.65 5
10.85 1
17.2 1
1.75 2
12.1 1
11.35 1
3.25 1
12.05 1
2.1 1
1.55 13
11.65 1
13.35 1
17.7 1
2.95 6
12.65 1
3.65 1
13.95 1
18.35 2
15.95 1
3.05 3
20.45 1
15.55 2
19.05 1
11.25 1
5.15 1
11.95 1
14.25 1
11.55 1
14.6 1
14.0 1
14.5 2
14.7 1
17.9 1
2.45 2
12.95 1
2.65 9
20.3 1
2.9 11
1.85 1
14.55 1
2.7 10
14.05 2
15.85 2
11.5 1
1.45 1
13.45 1
16.45 1
