7.15 23
35.8 51
35.9 31
890.4 1
939.7 1
32.05 99
35.2 66
35.3 44
35.0 59
35.1 57
35.6 50
18.25 16
35.4 59
35.5 59
37.8 15
37.9 20
16.55 39
832.55 1
61.25 1
37.0 20
37.1 23
37.2 27
37.3 23
14.55 35
37.5 28
37.6 19
9.55 46
220.1 1
30.95 120
47.45 1
1044.8 1
27.95 176
161.2 1
1043.7 1
24.9 123
169.1 1
24.35 60
169.2 1
7.65 24
62.3 1
169.7 1
28.45 159
161.85 1
40.65 4
27.75 188
1018.15 1
302.65 1
45.2 3
177.2 1
45.0 3
45.7 6
1091.65 1
45.5 2
45.4 2
1151.4 1
52.85 2
478.05 1
171.8 1
175.5 1
18.55 18
15.75 43
45.15 2
8.65 30
169.65 1
187.1 1
50.05 1
183.6 1
19.75 14
26.75 154
589.3 1
51.25 3
17.35 22
8.95 28
49.6 1
49.4 2
49.3 1
27.05 187
171.7 1
892.15 1
187.5 1
183.25 1
36.35 43
33.55 80
63.8 2
184.65 1
47.35 1
851.6 1
276.8 1
1318.75 1
931.95 1
165.5 1
10.45 34
34.75 59
23.45 8
63.55 1
969.3 1
969.5 1
175.0 2
21.45 11
180.15 3
957.15 1
330.45 1
45.85 1
181.2 1
37.4 19
145.65 1
38.85 8
40.15 8
19.05 16
1058.0 1
673.55 1
653.85 1
45.1 1
5.65 6
175.65 1
188.3 1
11.65 33
37.55 18
62.55 1
188.5 1
9.35 27
38.65 10
989.4 1
583.6 1
6.75 21
12.45 34
178.05 1
47.25 3
11.85 32
35.55 39
22.05 8
959.65 1
190.85 1
841.45 1
181.5 1
20.05 15
188.75 1
31.85 109
831.0 1
23.35 2
43.25 4
29.45 152
69.55 1
49.7 1
39.45 8
833.6 1
784.25 1
1135.9 1
847.85 1
57.4 1
25.45 96
270.5 1
57.0 1
7.85 42
41.75 2
4.95 2
169.55 2
180.3 2
176.5 2
41.25 2
180.7 2
13.85 33
24.05 28
988.95 1
180.8 1
9.15 45
942.8 1
7.55 28
44.75 1
28.95 152
19.7 12
182.4 1
762.25 1
25.75 95
943.0 1
190.15 1
192.4 1
58.55 1
16.95 23
19.1 16
176.4 1
1086.55 1
184.5 1
28.05 166
39.85 4
184.0 1
31.15 116
19.95 11
61.85 1
962.4 1
30.55 140
184.9 1
649.15 1
44.2 2
13.35 28
623.05 1
24.75 91
176.7 2
178.45 1
44.95 1
183.9 1
5.8 8
18.15 26
15.35 34
41.9 3
41.8 1
41.7 1
41.6 5
41.5 1
44.1 2
27.35 200
41.2 3
41.1 2
41.0 2
758.7 1
24.95 93
9.85 44
5.15 5
43.5 1
43.4 3
43.7 4
43.6 1
43.1 2
43.0 2
32.75 92
56.85 1
179.3 1
63.1 1
201.75 1
46.15 1
25.7 104
213.9 1
16.05 36
36.75 23
33.95 75
546.6 1
5.95 7
55.05 1
61.5 1
61.7 1
30.35 118
174.15 1
190.6 1
36.95 29
23.85 10
177.55 1
1073.75 1
84.7 1
1145.2 1
26.95 198
53.0 1
21.85 6
39.25 11
48.95 1
53.4 2
53.5 1
15.45 35
45.45 1
8.35 34
772.4 1
51.2 1
774.85 1
52.55 1
51.6 1
10.05 26
72.15 1
51.75 2
5.2 4
5.3 4
5.4 5
5.5 11
17.45 30
5.7 5
75.6 1
5.9 6
75.4 1
44.65 1
189.9 1
180.05 1
71.95 1
264.75 1
45.3 1
10.95 38
179.15 1
33.25 85
47.1 2
47.0 1
47.3 2
170.65 1
19.45 15
47.4 1
47.7 1
5.0 2
174.35 1
872.95 1
57.45 1
204.4 1
5.1 5
177.4 2
169.25 1
172.05 1
877.9 1
184.95 1
773.2 1
38.25 10
226.5 1
829.5 2
798.2 1
851.2 1
176.2 1
357.5 1
21.35 6
183.4 1
42.05 3
1096.45 1
35.15 58
187.2 1
5.6 2
12.95 45
37.15 18
23.75 17
43.65 1
175.55 2
11.35 44
58.85 1
776.9 1
57.15 1
67.05 1
199.25 1
101.65 1
776.3 1
11.6 35
12.75 36
6.45 30
25.35 82
43.85 2
186.35 1
18.65 25
183.0 1
773.0 1
82.45 1
33.6 90
6.7 28
6.6 32
6.5 37
12.0 47
6.3 18
6.2 25
12.5 35
6.0 15
8.55 40
30.15 123
12.8 43
6.9 31
6.8 31
10.1 45
10.0 37
10.3 40
10.2 31
10.5 49
10.4 33
10.7 38
10.6 50
35.65 44
10.8 47
218.4 1
179.1 1
825.4 1
822.9 1
132.25 1
16.7 38
16.6 31
16.5 37
16.4 32
6.35 26
12.05 35
34.95 46
25.85 95
43.15 2
841.2 1
16.9 41
16.8 37
9.45 36
7.05 37
5.55 6
29.25 164
867.2 1
32.35 96
17.5 30
159.45 1
826.35 1
91.85 1
16.45 43
26.8 161
26.9 196
26.6 151
26.7 176
26.4 120
26.5 139
26.2 133
26.3 147
26.0 113
26.1 120
31.25 135
24.85 99
14.7 38
39.35 6
24.8 81
30.85 127
14.3 48
14.2 40
24.4 71
24.5 81
24.6 80
24.7 79
24.0 25
24.1 28
24.2 42
24.3 48
22.2 8
22.3 7
27.85 200
22.1 10
24.45 67
26.05 123
22.4 3
22.5 4
7.95 30
22.8 6
28.55 192
27.65 202
178.6 1
178.5 1
189.45 1
830.45 1
39.9 7
183.2 1
212.9 1
42.35 3
17.05 28
808.55 1
178.85 3
180.95 3
18.45 27
15.05 27
45.05 2
8.75 33
70.2 1
16.35 28
36.25 33
33.65 94
32.45 92
20.4 10
20.5 6
20.6 7
170.25 1
40.25 4
20.9 10
26.45 168
40.75 2
983.9 1
51.35 1
54.85 1
214.0 1
752.95 1
22.0 5
793.35 1
41.85 3
901.0 1
55.45 2
22.35 7
49.2 1
179.5 1
191.9 1
21.75 9
871.8 1
41.95 4
10.9 38
11.05 36
22.85 7
62.35 2
35.7 56
792.3 1
52.05 1
49.55 1
963.65 1
102.45 1
10.75 38
34.65 69
183.55 1
70.8 1
971.2 1
819.7 1
873.6 1
19.8 17
44.35 3
54.65 1
21.3 11
808.15 1
45.75 3
21.2 12
49.65 1
230.3 1
109.35 1
22.6 4
43.2 4
19.15 15
393.5 1
132.4 1
51.45 1
11.75 42
37.65 23
31.95 117
168.65 1
38.55 10
42.95 1
838.4 1
12.35 40
6.05 24
487.6 1
777.6 1
11.95 40
35.25 52
22.15 10
62.85 1
47.55 1
5.45 3
179.7 1
40.05 6
20.15 17
23.25 11
46.75 1
989.15 1
29.75 165
7.35 28
39.55 6
164.5 1
180.75 2
20.85 5
164.1 1
41.45 1
177.45 1
17.85 21
29.95 163
16.85 33
1041.45 1
34.4 69
182.25 1
184.05 1
13.95 41
24.15 25
9.05 32
571.55 1
7.45 27
34.2 73
28.8 162
28.9 164
938.15 1
28.0 200
28.1 191
28.2 183
28.3 174
28.4 187
28.5 173
28.6 195
28.7 168
22.65 7
42.75 3
9.7 40
976.9 1
168.7 1
28.15 175
236.15 1
31.65 111
186.6 1
873.65 1
18.9 18
15.8 36
186.75 1
18.1 13
18.0 29
18.3 25
18.2 26
18.5 24
18.4 21
13.05 36
18.6 18
918.75 1
32.65 91
30.9 136
30.8 125
174.2 1
18.05 26
30.3 136
30.2 138
30.1 144
30.0 130
30.7 136
30.6 128
30.5 140
30.4 134
38.3 12
38.2 18
38.1 14
38.0 12
38.7 13
38.6 13
38.5 11
40.35 5
5.05 5
9.75 39
38.9 11
38.8 4
973.45 1
82.3 1
64.0 1
162.5 1
793.2 1
504.45 1
183.1 1
801.35 1
16.75 47
36.65 35
183.75 2
36.0 41
843.35 1
914.4 1
183.3 1
662.2 1
47.9 1
174.65 2
183.95 1
46.5 2
10.35 33
14.85 39
46.0 2
46.1 1
46.2 2
46.3 1
181.4 1
42.85 2
46.8 1
46.9 1
1053.55 1
67.85 1
15.55 33
45.35 2
1145.95 1
8.05 39
170.2 3
37.7 20
52.45 1
49.95 1
172.9 2
26.15 139
40.85 4
22.9 6
58.3 1
30.45 143
17.55 20
37.25 19
32.95 102
172.6 1
48.2 2
48.3 1
162.85 1
48.7 1
18.7 31
10.85 35
36.15 50
33.35 92
184.15 3
48.9 2
19.55 11
112.3 1
47.15 1
887.1 1
838.1 1
7.2 29
7.3 26
7.0 27
7.1 23
7.6 27
7.7 25
7.4 32
7.5 31
21.25 9
7.8 32
7.9 26
41.55 1
170.8 1
176.05 1
787.3 1
974.3 1
181.05 1
34.15 73
23.65 15
44.6 1
775.8 1
44.4 2
44.5 1
11.45 40
44.3 2
62.75 1
190.1 1
190.2 1
112.9 1
44.8 1
44.9 2
6.55 25
12.65 30
25.25 88
20.8 7
65.0 1
166.8 1
74.25 1
20.65 13
77.2 1
30.05 154
185.25 1
12.3 47
824.05 1
39.65 5
337.0 1
48.45 1
12.2 28
13.45 30
35.75 46
22.25 5
12.1 37
47.85 2
176.65 1
38.15 18
6.4 19
173.55 1
12.7 29
31.55 100
66.2 1
406.95 1
14.75 42
942.95 1
66.6 1
6.1 27
34.9 50
34.8 63
34.7 53
34.6 78
34.5 56
28.75 164
34.3 63
32.25 114
34.1 76
34.0 82
25.55 111
41.05 1
40.9 1
36.9 30
36.8 25
175.2 1
196.0 1
36.5 54
36.4 34
36.7 25
36.6 27
36.1 37
12.9 40
36.3 42
36.2 39
31.35 110
194.3 1
297.4 1
30.75 128
64.75 1
862.15 1
185.8 1
12.85 37
654.75 1
168.5 3
263.2 1
33.15 110
24.55 92
42.45 2
13.2 42
28.65 165
576.6 1
825.8 1
40.8 7
8.45 29
1127.6 1
27.55 236
39.15 17
40.2 7
40.3 6
40.0 8
40.1 1
40.6 3
40.7 2
177.05 1
40.5 6
42.8 2
5.35 7
798.15 1
48.75 3
17.15 34
18.85 22
32.55 107
42.1 5
42.3 3
42.4 5
934.45 1
18.75 15
15.15 36
1032.85 1
16.25 41
36.55 46
33.75 73
179.45 1
42.9 3
939.25 1
13.75 35
26.55 169
40.45 5
62.1 1
32.9 97
32.8 101
869.55 1
15.85 34
60.9 1
22.55 5
32.1 122
32.0 98
32.3 91
32.2 97
32.5 85
32.4 96
50.35 1
32.6 88
21.65 4
837.2 1
56.2 1
11.15 37
37.85 19
22.95 4
56.5 1
174.4 1
1012.45 1
162.2 1
10.65 42
34.55 66
21.4 8
968.2 1
8.1 27
8.0 36
8.3 35
8.2 34
8.5 45
8.4 43
44.05 2
8.6 26
8.9 40
8.8 30
45.65 1
175.7 1
33.05 102
855.35 1
179.35 1
42.6 5
19.25 11
910.0 1
26.25 132
16.3 31
42.7 2
938.5 1
16.2 38
59.0 1
20.25 15
211.65 1
16.1 38
181.6 1
59.1 1
173.05 1
38.45 20
176.35 1
16.0 29
25.65 85
12.25 35
20.55 9
828.0 1
48.05 4
792.45 1
827.05 1
35.35 51
175.15 1
27.25 195
191.35 1
396.3 1
842.2 1
6.85 33
23.15 7
43.45 1
46.85 2
800.0 1
168.45 1
29.65 160
824.45 1
180.65 1
189.95 1
29.35 159
20.95 9
176.1 1
53.6 1
19.4 12
19.5 15
19.6 15
29.85 155
19.0 17
14.35 36
19.2 14
19.3 15
330.25 1
38.4 19
68.45 1
19.9 12
24.25 46
983.3 1
755.6 1
68.0 1
62.0 1
13.8 30
13.9 36
13.6 58
13.7 40
13.4 47
13.5 28
25.15 94
13.3 50
13.0 23
13.1 38
13.15 35
35.85 46
22.75 9
11.8 42
11.9 37
182.35 2
11.4 39
11.5 41
28.25 172
11.7 41
11.0 33
11.1 43
56.55 1
31.75 112
17.2 29
17.3 28
17.0 39
17.1 33
17.6 26
17.7 22
17.4 26
14.4 35
29.15 166
60.8 2
17.8 22
17.9 25
70.7 1
973.75 1
32.15 104
829.35 1
99.6 1
174.8 1
18.35 22
9.6 48
8.85 28
60.4 1
87.85 1
6.15 24
8.7 33
14.25 43
9.65 48
5.75 5
209.6 1
15.0 36
15.1 44
15.2 34
15.3 39
15.4 45
15.5 43
15.6 47
15.7 42
41.35 2
15.9 36
181.15 1
167.85 1
830.85 1
16.65 35
5.85 3
34.35 55
365.95 1
7.75 35
32.7 98
64.6 1
64.7 1
48.4 1
49.85 1
135.4 1
800.45 1
10.25 35
52.7 2
848.0 1
52.3 1
180.0 1
52.0 1
44.45 1
50.9 1
992.6 1
15.65 52
45.25 1
8.15 29
50.6 1
50.3 2
180.45 1
19.65 13
859.2 1
26.65 165
40.95 2
189.8 1
830.1 1
17.25 37
37.35 27
175.05 1
32.85 98
14.95 49
27.15 190
36.05 37
33.45 105
63.85 1
965.85 1
14.5 30
77.55 1
874.3 1
192.65 1
815.4 1
10.55 34
34.05 71
23.55 6
14.6 42
165.85 1
14.1 36
786.55 1
21.55 8
174.5 1
14.0 43
894.75 2
45.95 3
970.65 1
38.95 11
54.8 2
173.95 1
765.35 1
11.55 37
37.45 27
54.3 1
910.85 1
54.4 1
54.7 1
38.75 15
163.0 1
896.05 1
834.4 1
12.55 34
6.65 33
709.9 1
14.9 38
46.6 1
14.8 30
707.6 1
36.85 20
41.15 5
181.45 1
20.75 9
982.3 1
982.4 1
66.85 1
63.05 1
969.75 1
29.55 144
34.45 70
39.75 4
48.55 1
795.8 1
883.7 1
13.55 40
35.45 45
65.45 2
186.9 1
173.45 1
38.05 24
39.95 3
65.1 1
66.25 1
23.05 1
43.35 3
22.7 12
17.65 25
191.25 1
146.1 1
14.65 33
9.25 37
37.75 20
7.25 24
206.35 1
28.85 157
17.95 27
812.05 1
27.3 195
27.2 191
27.1 163
27.0 187
27.7 212
27.6 226
27.5 177
27.4 197
184.2 1
27.9 189
27.8 204
172.95 1
178.55 1
34.25 71
25.1 92
25.0 109
25.3 119
25.2 92
25.5 103
25.4 84
31.05 106
25.6 104
25.9 111
25.8 99
30.65 131
23.7 11
23.6 10
23.5 12
23.4 8
23.3 10
23.2 13
23.1 5
23.0 9
13.25 34
165.1 1
24.65 79
42.55 3
11.2 45
23.9 16
23.8 16
33.4 101
33.5 75
15.25 38
33.7 80
33.0 85
33.1 107
33.2 72
33.3 97
442.1 1
27.45 183
1008.65 1
33.8 78
33.9 70
179.8 1
284.6 1
14.15 43
40.55 3
5.25 8
9.95 36
184.8 1
39.8 13
34.85 71
39.6 7
39.7 15
39.4 6
39.5 8
39.2 10
39.3 3
39.0 11
39.1 4
21.5 11
50.25 2
21.7 7
21.6 7
21.1 10
21.0 9
16.15 35
36.45 37
33.85 74
171.05 2
175.45 1
21.9 7
21.8 11
944.6 1
9.8 34
9.9 45
42.65 1
15.95 28
9.4 30
9.5 39
14.45 39
25.05 91
9.0 43
9.1 34
9.2 55
9.3 43
178.8 1
966.1 1
319.4 1
26.85 166
172.8 1
21.95 7
48.85 2
11.25 37
37.95 17
8.25 31
181.3 2
18.8 13
879.35 1
52.65 2
10.15 36
66.95 1
23.95 14
939.1 1
17.75 26
37.05 19
890.25 1
38.35 17
18.95 14
177.75 2
31.6 128
31.7 103
31.4 115
31.5 138
31.2 116
31.3 117
31.0 127
31.1 132
19.35 11
753.65 1
26.35 135
55.35 1
950.9 1
31.8 106
31.9 99
900.2 1
20.35 16
197.65 1
949.35 1
14.05 26
12.6 41
173.35 1
733.55 1
888.7 1
105.9 1
21.05 16
53.25 1
48.15 2
35.05 59
65.85 1
189.75 1
47.75 1
213.25 1
965.9 1
782.15 1
6.95 29
107.1 1
878.75 1
43.75 2
46.95 2
4.8 1
819.55 1
62.15 2
963.1 1
48.6 1
963.8 1
166.55 1
167.7 1
20.0 11
167.5 1
41.4 2
792.0 1
167.1 1
20.1 13
12.4 37
41.3 3
798.1 1
48.5 2
20.2 18
20.45 12
172.3 1
31.45 131
20.3 6
29.9 142
29.8 144
30.25 124
29.5 156
29.4 172
29.7 147
29.6 144
29.1 156
29.0 173
29.3 147
29.2 176
48.65 2
21.15 12
13.65 28
35.95 50
22.45 6
42.15 2
20.7 5
57.65 1
28.35 180
870.15 2
60.75 1
19.85 6
12.15 36
6.25 25
25.95 127
11.3 46
46.25 1
58.8 1
43.9 3
29.05 148
39.05 8
