3.75 1
4.9 1
3.45 1
7.0 1
6.2 1
7.4 1
6.0 1
7.8 1
0.45 572
5.65 1
1.15 29
10.4 1
1.85 6
2.85 2
2.15 45
3.8 1
7.05 1
5.55 2
0.55 167
3.55 1
1.05 26
2.55 3
2.25 27
4.15 1
6.1 2
3.15 1
3.6 2
2.9 2
3.5 4
3.2 4
3.0 2
2.3 23
2.2 38
2.1 60
2.0 41
2.7 4
2.6 3
2.5 2
2.4 4
2.35 6
1.95 21
0.25 27548
81.05 1
1.75 8
3.05 1
5.35 1
2.45 3
4.65 1
0.35 4917
1.65 9
0.9 23
1.5 11
6.05 2
5.45 3
8.0 1
3.85 2
0.05 1
9.8 1
0.85 24
0.95 21
1.8 6
1.55 8
6.15 2
1.9 24
0.15 14507
4.45 1
2.65 1
3.4 1
2.8 2
1.45 9
1.4 16
0.8 29
1.6 8
1.7 5
1.0 35
1.1 52
1.2 43
1.3 16
0.1 1733
0.3 13212
0.2 13375
0.5 191
0.4 2208
0.7 57
0.6 94
0.65 53
4.55 2
4.4 1
5.3 1
4.1 1
4.0 1
5.6 5
5.7 2
5.8 5
5.9 1
2.75 2
3.25 1
8.75 1
1.35 7
2.95 2
4.6 1
0.75 36
5.4 1
5.95 6
5.75 3
5.5 2
5.85 5
2.05 54
1.25 37
