97.9 1
7.15 44
35.8 1
35.9 6
109.05 1
32.05 23
35.2 2
35.3 3
35.0 5
35.1 3
35.6 2
18.25 19
35.4 5
35.5 3
37.9 2
16.55 4
35.45 1
37.0 3
37.1 1
108.45 1
14.55 2
37.5 2
5.65 4
9.55 40
30.95 34
92.35 1
29.2 68
105.6 2
27.95 80
277.4 1
90.75 2
101.35 4
24.35 133
7.65 31
97.95 3
28.45 66
226.35 1
213.65 1
27.75 75
36.9 1
98.85 5
242.9 1
108.8 1
45.7 1
94.35 2
35.7 3
44.55 1
102.0 1
107.25 2
18.55 34
15.75 13
92.7 1
8.65 35
92.5 2
256.1 1
100.45 2
19.75 238
26.75 84
102.45 1
97.8 5
17.35 7
8.95 40
94.85 1
27.05 84
89.95 1
215.95 1
36.35 2
33.55 8
99.45 4
104.8 2
108.15 1
106.05 2
109.15 1
103.35 1
7.5 38
89.75 1
98.35 5
10.45 36
34.75 1
23.45 163
96.9 1
96.8 7
96.7 3
96.6 5
96.5 3
96.4 8
96.3 1
97.0 4
96.1 4
21.45 206
110.55 2
112.25 2
221.05 1
104.5 4
94.9 1
94.8 2
329.1 1
105.05 1
94.4 2
94.7 3
94.6 1
94.1 1
94.3 2
97.7 3
19.05 268
275.2 1
97.4 2
39.9 1
11.65 19
37.7 2
38.65 1
232.95 1
6.75 30
12.45 17
275.6 1
106.35 1
11.85 19
35.55 7
22.05 181
227.05 1
105.35 2
95.05 2
20.05 168
31.85 23
106.9 2
23.35 149
43.25 1
93.45 1
96.75 3
29.45 57
102.5 1
219.2 1
110.9 1
25.45 120
109.35 1
106.5 4
4.95 1
161.3 1
107.35 2
216.65 1
101.7 5
106.7 1
13.85 7
24.05 133
106.0 2
102.35 3
9.15 28
7.55 33
28.95 69
29.85 52
106.2 3
25.75 104
95.7 1
16.95 7
97.55 2
104.05 2
28.05 66
31.15 29
100.95 2
30.55 30
216.45 1
246.5 1
13.35 7
101.75 2
24.75 142
134.8 1
18.15 6
15.35 8
13.2 15
28.75 80
103.15 3
27.35 90
41.0 1
14.05 4
9.85 34
5.15 3
101.85 2
224.15 1
32.75 13
63.3 1
63.0 1
31.05 40
103.8 3
16.05 6
36.75 1
33.95 10
100.05 3
109.75 4
110.4 1
112.35 1
105.45 3
247.85 1
23.85 137
121.45 1
26.95 88
21.85 189
300.85 1
206.25 1
15.45 7
8.35 41
95.0 1
241.75 1
222.95 1
206.9 1
223.95 1
10.05 40
5.1 2
5.2 8
5.3 1
5.4 6
5.5 7
5.6 7
5.7 9
5.8 5
5.9 17
248.3 1
343.8 1
115.2 1
18.85 135
10.95 25
33.25 10
218.75 2
94.75 1
100.75 5
19.45 317
26.05 104
228.45 2
108.5 4
174.35 1
103.05 2
115.6 1
224.1 1
278.5 1
94.95 1
226.6 1
21.35 208
107.75 1
104.65 1
99.15 4
35.15 7
208.5 1
17.45 5
97.3 1
98.65 4
12.95 17
34.25 4
23.75 173
11.35 17
219.55 3
106.45 3
97.45 3
106.15 1
95.15 1
225.9 1
221.35 1
11.6 16
12.75 6
6.45 28
25.35 118
112.0 1
96.95 3
18.65 72
15.25 4
6.7 41
12.2 13
6.5 36
20.55 187
6.3 32
6.2 29
12.5 14
12.4 14
220.3 1
33.0 19
30.15 37
11.3 31
92.75 3
220.6 1
6.9 36
6.8 39
10.1 40
10.0 44
10.3 39
10.2 35
10.5 33
10.4 43
10.7 38
10.6 50
10.9 28
22.55 165
218.4 1
222.5 2
97.15 3
218.0 1
92.6 1
16.7 1
16.6 5
16.5 4
16.4 10
6.35 32
12.05 18
16.1 8
25.85 114
96.25 3
216.05 1
16.9 4
16.8 5
9.45 34
216.1 1
7.05 36
5.55 7
216.4 2
216.6 2
32.35 18
218.8 1
223.35 1
252.7 1
104.1 4
210.4 1
16.45 6
26.8 75
26.9 90
26.6 93
26.7 82
26.4 90
26.5 103
26.2 93
26.3 94
26.0 91
26.1 105
31.25 37
14.15 3
14.7 7
14.6 6
24.8 124
24.9 113
14.3 8
14.2 6
24.4 136
24.5 129
24.6 140
24.7 143
24.0 144
24.1 135
24.2 143
24.3 137
22.2 177
22.3 195
22.0 203
22.1 183
24.45 144
22.7 173
22.4 174
22.5 171
97.65 1
7.95 32
22.8 151
22.9 170
236.55 1
114.3 1
223.4 1
27.65 90
212.2 1
218.6 1
218.25 1
102.15 3
212.8 1
42.35 1
17.05 6
224.4 1
178.85 1
18.45 25
15.05 9
8.75 35
211.45 1
20.0 167
20.1 161
20.2 160
20.3 169
20.4 176
20.5 161
20.6 176
20.7 172
20.8 228
20.9 228
26.45 94
102.75 5
223.1 1
105.95 2
99.5 3
214.8 1
341.75 1
21.75 202
15.95 5
99.55 5
11.05 34
107.05 1
22.85 176
219.65 1
282.5 1
95.65 4
103.45 5
108.1 1
98.25 6
10.75 37
34.65 8
254.35 1
217.2 2
218.9 1
93.55 1
89.3 2
224.45 1
230.8 1
10.8 47
36.45 4
230.0 1
230.2 1
96.2 1
94.25 1
19.15 337
305.7 1
300.45 1
11.75 24
219.15 2
31.95 18
108.9 1
38.55 1
107.55 5
12.35 19
6.05 15
324.25 1
11.95 18
35.25 6
22.15 192
104.9 1
14.0 6
20.15 161
98.55 4
108.3 3
23.25 171
93.95 4
108.7 2
108.4 2
96.65 2
29.75 49
111.7 1
90.1 1
16.15 6
20.85 209
99.9 1
90.0 1
99.4 1
99.8 1
99.6 2
99.7 5
99.0 4
34.5 9
99.2 2
99.3 2
29.95 49
16.85 7
95.55 1
223.2 1
15.1 5
293.1 1
226.55 1
24.15 144
9.05 45
7.45 29
5.95 13
28.8 59
28.9 62
15.3 3
333.55 1
28.0 60
25.65 103
28.2 78
28.3 70
28.4 48
28.5 50
28.6 75
28.7 58
22.65 187
101.45 2
9.7 40
97.25 3
113.45 1
28.15 67
217.05 2
31.65 24
99.1 3
18.9 174
18.8 126
104.4 3
110.2 4
216.75 2
98.75 3
18.1 8
18.0 8
18.3 16
18.2 7
18.5 32
18.4 20
18.7 83
18.6 57
32.65 18
30.9 30
30.8 41
408.35 1
18.05 9
30.3 36
30.2 33
30.1 46
30.0 55
30.7 34
30.6 32
30.5 37
27.25 90
108.65 1
38.0 2
38.7 1
14.35 5
25.2 145
5.05 1
9.75 36
35.35 2
15.55 5
112.05 1
14.45 1
101.1 3
108.25 2
6.1 24
275.85 1
16.75 5
104.2 2
36.0 3
101.25 1
13.95 8
6.4 20
313.7 1
274.1 2
93.6 1
93.7 4
93.4 1
93.5 1
93.2 2
93.3 1
93.0 1
94.15 1
12.8 12
204.35 1
93.8 1
99.75 1
91.5 1
116.5 1
100.9 5
91.0 1
101.9 7
214.05 1
8.05 29
100.2 5
100.3 3
100.0 5
100.1 4
100.6 4
100.7 3
100.4 3
100.5 1
125.55 1
26.15 82
30.45 37
212.85 1
17.55 4
32.95 11
103.7 1
247.75 1
218.65 1
10.85 45
36.15 1
33.35 15
94.65 4
103.4 1
19.55 279
102.8 4
114.35 1
112.2 1
218.7 1
102.1 5
102.2 6
102.3 3
102.4 2
112.1 1
102.6 1
102.7 3
7.2 34
7.3 34
7.0 35
7.1 45
7.6 33
7.7 28
7.4 37
28.1 59
104.6 4
21.25 220
7.8 34
7.9 30
97.6 4
104.3 2
104.0 1
97.5 5
95.8 2
95.9 1
106.8 2
108.85 1
106.4 1
95.1 1
95.2 2
95.3 1
98.15 4
95.5 2
34.15 7
23.65 158
11.45 27
527.6 1
106.75 1
204.75 1
103.85 7
119.95 1
240.55 1
6.55 26
12.65 10
25.25 120
96.85 4
106.95 1
20.65 181
30.05 46
29.25 63
217.15 2
39.65 1
6.6 26
13.45 14
35.75 6
22.25 192
12.1 20
101.65 1
38.15 1
12.0 24
107.15 3
315.85 1
271.5 1
34.85 4
93.65 1
96.15 9
31.55 30
14.75 4
5.45 7
9.35 39
34.9 7
7.35 37
34.7 10
34.6 2
17.85 2
6.0 12
34.3 4
32.25 19
34.1 11
34.0 10
25.55 113
90.15 1
108.75 2
36.5 2
36.7 1
36.6 1
36.1 3
12.9 8
36.3 3
36.2 3
93.25 3
185.0 1
261.7 1
110.0 1
30.75 48
107.95 1
92.15 3
220.95 1
12.85 13
105.15 3
97.1 2
87.25 1
33.15 9
220.5 3
168.2 1
24.55 145
104.25 1
7.85 45
97.75 5
28.65 56
113.75 1
40.8 1
8.45 29
100.85 2
27.55 87
230.05 1
94.45 1
35.05 2
5.35 6
102.65 3
17.15 1
110.8 1
32.55 19
238.5 1
87.75 1
18.75 110
15.15 3
16.25 6
100.25 8
33.75 14
13.75 5
19.95 184
259.3 1
26.55 101
32.9 15
32.8 13
217.35 2
15.85 4
13.05 14
101.15 5
32.1 22
32.0 25
32.3 20
32.2 15
32.5 18
32.4 17
32.7 13
32.6 11
258.55 1
102.25 1
21.65 228
35.65 3
56.2 1
99.65 3
11.15 28
103.55 1
22.95 146
249.1 1
104.45 3
300.1 1
10.65 28
34.55 10
8.1 30
8.0 32
8.3 40
8.2 36
8.5 41
8.4 40
8.7 36
8.6 45
8.9 34
8.8 37
33.05 8
154.9 1
94.55 2
19.25 320
214.95 1
26.25 119
16.3 5
105.75 3
102.95 3
20.25 159
34.95 5
103.9 2
38.35 1
16.0 4
16.2 5
6.15 21
12.25 13
21.15 229
324.15 1
99.35 4
12.3 20
36.55 4
30.4 41
95.85 1
106.3 1
80.55 1
254.2 1
38.3 1
98.45 1
6.85 48
23.15 170
46.85 1
96.55 5
195.15 1
29.65 47
241.9 1
95.75 2
106.25 2
105.8 5
29.35 63
20.95 231
275.8 2
19.4 306
19.5 376
19.6 299
19.7 266
19.0 228
19.1 296
19.2 286
19.3 331
19.8 226
19.9 184
24.25 133
99.05 3
253.6 1
30.35 43
298.15 1
13.8 5
13.9 8
13.6 10
13.7 9
13.4 12
13.5 16
25.15 120
13.3 13
13.0 14
13.1 12
99.85 4
13.15 14
35.85 1
22.75 172
11.8 7
11.9 19
101.55 2
97.35 4
11.4 35
11.5 30
28.25 68
11.7 21
11.0 38
11.1 28
11.2 30
31.75 33
17.2 6
17.3 2
17.0 5
17.1 3
17.6 2
17.7 4
17.4 4
17.5 2
29.15 63
17.8 8
17.9 8
34.8 4
92.85 1
296.55 1
32.15 22
464.75 1
217.5 1
18.35 20
109.25 3
217.0 1
8.85 44
211.3 1
108.55 1
211.5 1
14.25 8
9.65 32
211.8 1
5.75 5
209.6 1
15.0 6
92.45 1
15.2 4
105.65 1
15.4 6
15.5 6
15.6 8
15.7 5
15.8 4
15.9 10
225.8 1
16.65 4
5.85 7
107.1 1
97.85 1
7.75 27
50.35 1
107.0 2
229.75 1
89.15 1
98.95 3
10.25 38
213.9 1
107.5 2
52.5 1
94.05 3
357.05 1
15.65 10
225.3 1
8.15 30
222.75 2
111.05 1
19.65 257
26.65 84
98.0 4
171.6 1
102.55 3
17.25 2
138.85 1
32.85 18
14.95 3
27.15 69
220.45 1
34.4 2
215.9 1
215.8 2
218.55 1
36.05 2
33.45 14
100.55 2
174.6 1
14.5 10
228.25 1
14.4 4
95.45 3
37.85 1
106.55 2
114.5 1
10.55 38
34.05 8
23.55 152
106.6 1
223.75 1
14.1 7
21.55 237
225.7 1
30.85 40
9.3 42
110.45 1
224.05 1
88.8 1
88.7 1
38.95 1
88.5 1
98.05 1
34.2 9
282.95 1
219.35 1
11.55 23
103.95 1
95.35 2
106.65 3
113.4 1
113.5 1
12.55 18
6.65 31
14.9 6
37.65 1
227.3 1
10.35 30
27.85 82
106.85 2
101.95 3
36.85 1
14.85 2
221.9 1
20.75 193
221.5 1
221.3 1
96.05 1
29.55 55
263.75 1
109.8 1
53.65 2
200.05 1
13.55 13
109.1 2
22.35 171
264.95 1
22.6 160
469.45 1
101.05 1
100.8 3
17.65 7
14.65 6
9.25 30
37.75 1
7.25 43
104.85 3
116.65 1
28.85 46
17.95 3
27.3 101
27.2 84
27.1 76
27.0 86
27.7 63
27.6 76
27.5 81
27.4 93
27.9 77
27.8 95
25.1 134
25.0 114
25.3 124
28.55 58
25.5 98
25.4 123
25.7 101
25.6 100
25.9 106
25.8 119
30.65 43
92.05 1
221.15 1
23.7 137
23.6 162
23.5 148
23.4 134
23.3 145
23.2 153
23.1 163
23.0 155
13.25 4
24.65 146
104.15 3
23.9 125
23.8 146
33.4 11
33.5 12
33.6 9
33.7 9
8.55 38
33.1 14
33.2 14
33.3 15
27.45 79
33.8 5
33.9 8
24.85 134
5.25 4
9.95 31
293.15 1
114.6 1
99.25 1
32.45 17
37.95 1
85.5 1
39.0 1
14.8 8
21.5 214
21.4 202
21.7 217
21.6 204
21.1 224
21.0 212
21.3 222
21.2 202
33.85 8
100.15 9
113.1 1
21.9 229
21.8 199
91.7 1
413.85 1
9.8 48
9.9 38
109.65 1
9.4 29
9.5 46
9.6 34
107.85 1
9.0 47
9.1 32
9.2 35
6.25 23
91.05 1
101.6 4
101.5 7
101.4 1
101.3 2
101.2 3
26.85 83
101.0 3
21.95 168
266.6 1
219.45 1
11.25 22
101.8 2
103.5 4
8.25 32
147.35 1
103.6 4
103.1 2
103.0 6
103.3 3
103.2 2
10.15 39
34.45 6
23.95 132
95.6 1
220.4 1
17.75 6
37.05 3
212.65 1
18.95 177
12.7 13
31.6 30
31.7 22
31.4 31
31.5 28
31.2 27
31.3 23
31.0 34
31.1 29
19.35 347
26.35 78
102.85 2
31.8 29
31.9 20
106.1 3
20.35 178
12.6 16
95.25 4
217.25 1
282.35 1
168.75 1
105.9 2
21.05 203
88.85 1
221.7 1
114.15 1
105.2 1
105.1 3
105.7 3
197.3 1
494.25 1
95.95 5
107.9 2
107.8 1
31.35 35
6.95 30
34.35 4
23.05 161
107.3 2
107.2 1
4.9 1
96.45 6
107.7 5
98.1 3
103.65 2
98.3 1
98.2 1
98.5 3
98.4 1
98.7 3
98.6 1
98.9 3
98.8 4
294.15 1
16.35 6
93.05 2
36.25 1
41.3 1
87.05 1
33.65 10
20.45 186
100.65 1
31.45 25
29.9 50
29.8 52
30.25 32
29.5 61
29.4 55
29.7 36
29.6 62
29.1 68
29.0 49
29.3 66
25.05 123
99.95 3
13.65 2
35.95 5
22.45 155
104.55 1
97.05 1
100.35 4
119.0 1
28.35 75
19.85 173
12.15 23
24.95 135
25.95 99
111.2 1
111.3 1
96.35 2
102.05 3
29.05 56
111.25 2
