125.35 1
75.65 2
70.05 1
79.75 1
86.35 1
73.9 3
171.0 1
71.45 1
80.75 1
77.65 3
90.5 1
89.75 1
83.05 1
96.0 1
67.55 1
73.65 3
81.05 1
72.95 2
76.45 2
69.55 1
78.55 2
81.75 5
67.7 2
67.6 2
67.1 2
67.0 1
75.35 1
71.95 4
74.45 3
77.85 1
70.45 2
79.35 5
68.95 2
71.2 1
71.3 1
71.0 2
71.1 1
71.6 2
71.4 5
73.95 5
71.8 3
71.9 2
72.65 4
75.85 4
59.75 1
63.5 1
85.45 1
70.35 3
73.25 3
72.15 2
75.8 5
75.9 3
75.6 3
75.7 2
75.4 5
75.5 2
75.2 2
75.3 1
75.0 3
75.1 4
77.9 2
80.05 1
77.4 4
77.5 1
77.6 5
77.7 5
77.0 4
77.1 3
77.2 9
77.3 4
77.35 4
69.15 2
81.35 2
83.75 2
76.05 5
84.95 2
84.05 1
74.05 7
70.85 3
73.85 4
78.05 3
82.25 1
66.45 2
74.95 2
69.9 1
69.8 1
69.1 3
69.3 1
86.55 1
69.5 2
69.4 1
69.7 1
69.6 3
74.75 1
78.25 6
72.75 3
65.0 1
65.3 2
65.2 2
70.75 4
65.8 1
79.45 1
78.9 4
78.8 5
79.8 2
79.9 2
79.2 2
79.3 2
79.0 3
79.6 2
79.4 3
79.5 3
80.45 3
85.75 1
78.3 3
72.55 4
82.9 1
73.0 1
73.1 3
73.2 1
73.3 3
73.4 5
73.5 4
73.6 4
73.7 1
73.8 4
71.55 4
77.75 5
234.6 1
83.35 1
89.0 1
89.5 1
73.75 1
64.95 1
65.65 1
77.05 5
66.05 2
76.75 5
78.45 4
67.35 1
81.65 1
82.15 2
75.05 7
71.85 1
74.35 3
77.95 2
79.05 5
78.35 3
81.9 2
81.3 1
81.2 4
81.1 3
81.0 1
81.7 1
81.6 2
81.5 3
81.4 2
69.2 1
71.15 3
80.85 3
86.15 1
83.8 1
76.85 2
83.1 2
83.0 2
83.5 1
83.6 1
67.85 2
85.8 1
85.5 2
85.1 1
85.0 1
72.05 2
87.5 2
87.0 1
71.65 2
80.15 1
77.45 2
76.35 8
69.05 2
73.45 1
84.65 1
82.55 3
78.75 1
81.95 2
173.55 1
66.55 1
74.85 7
68.05 1
66.7 1
66.5 2
74.65 4
79.55 4
75.45 2
70.65 3
82.85 1
74.5 2
85.65 1
62.4 1
62.5 1
72.45 1
71.25 4
66.85 1
63.35 2
83.25 1
80.25 3
76.2 4
65.95 1
77.15 4
76.65 5
69.75 2
78.95 3
68.5 1
68.7 1
64.35 1
75.95 4
68.9 1
74.25 2
65.05 1
79.15 2
66.65 1
82.95 1
70.7 2
70.6 1
70.5 2
70.4 2
70.3 1
70.2 1
70.1 1
70.9 1
70.8 1
80.95 1
72.85 2
64.0 1
75.15 5
64.2 2
64.5 1
70.15 2
64.7 2
79.65 6
86.25 1
85.85 2
74.3 5
74.2 5
74.1 3
74.0 7
74.6 2
72.35 3
74.4 3
74.9 3
74.8 5
76.1 6
76.0 6
76.3 5
71.75 5
76.5 3
76.7 4
76.6 6
76.9 5
76.8 2
85.15 2
77.55 4
83.15 1
76.25 6
69.35 1
73.55 2
88.6 1
88.7 1
81.15 2
88.3 1
67.65 1
76.55 2
78.65 4
65.45 1
81.85 1
82.35 2
66.25 1
68.15 2
75.25 6
75.75 3
74.55 4
172.95 1
70.55 2
79.25 2
65.9 2
68.85 1
75.55 3
80.6 1
80.7 1
80.4 4
80.5 2
80.2 3
80.0 2
80.1 2
80.8 1
80.9 1
82.4 1
82.5 1
82.6 2
82.7 1
82.0 1
82.1 1
82.2 2
82.3 2
78.7 3
78.6 3
78.5 2
78.4 6
86.85 1
78.2 2
78.1 3
78.0 3
72.5 4
72.4 1
72.7 6
72.6 4
72.1 4
72.3 1
72.2 2
72.9 4
72.8 2
88.35 1
84.9 2
84.3 1
84.0 1
66.95 1
86.3 1
86.5 1
86.6 3
73.15 1
80.35 2
84.15 1
69.65 3
77.25 1
81.45 2
71.5 6
76.15 4
74.15 1
78.85 3
87.05 1
157.9 1
70.95 4
66.75 1
69.95 1
78.15 4
