0.373
0.382
0.419
0.403
0.494
0.228
0.398
0.313
0.294
0.226
0.218
0.306
0.227
0.27
0.294
0.278
0.24
0.218
0.296
0.297
0.241
0.32
0.405
0.418
0.321
0.308
0.295
0.385
0.293
0.29
0.303
0.293
0.332
0.312
0.292
0.325
0.241
0.352
0.391
0.403
0.294
0.336
0.223
0.232
0.256
0.281
0.259
0.289
0.321
0.313
0.277
0.294
0.246
0.219
0.211
0.25
0.231
0.257
0.235
0.35
0.386
0.32
0.358
0.231
0.234
0.309
0.348
0.324
0.325
0.316
0.319
0.308
0.561
0.717
0.324
0.358
0.362
0.208
0.3
0.294
0.336
1.65
0.394
0.249
0.31
0.297
0.313
0.295
0.299
0.293
0.296
0.29
0.291
0.344
0.37
0.35
0.229
0.3
0.309
0.298
0.354
0.315
0.293
0.286
0.28
0.303
1.564
0.242
0.336
0.225
0.321
0.243
0.287
0.29
0.376
0.212
0.278
0.278
0.335
0.395
0.329
0.292
0.294
0.303
0.364
0.261
0.266
0.336
0.345
0.325
0.258
0.296
0.399
0.309
0.236
0.365
0.357
0.372
0.265
0.302
0.252
0.251
0.333
0.314
0.324
0.226
0.236
0.316
0.251
0.231
0.299
0.299
5.915
0.25
0.268
0.285
0.302
0.312
0.263
0.325
0.301
0.272
0.353
0.37
0.32
0.337
0.315
0.433
0.376
0.354
0.348
0.073
0.044
0.047
0.048
0.047
0.044
0.061
0.062
0.071
0.061
0.058
0.046
0.047
0.048
0.048
0.047
0.047
0.046
0.051
0.076
0.045
0.056
0.063
0.061
0.064
0.048
0.041
0.048
0.05
0.052
0.048
0.045
0.049
0.061
0.055
0.049
0.058
0.064
0.065
0.046
0.048
0.05
0.042
0.085
0.063
0.06
0.053
0.045
0.044
0.045
0.049
0.053
0.05
0.051
0.049
0.059
0.056
0.062
0.053
0.047
0.053
0.062
0.065
0.065
0.07
0.052
0.047
0.047
0.05
0.046
0.05
0.051
0.05
0.048
0.043
0.048
0.064
0.045
0.043
0.049
0.045
0.058
0.066
0.056
0.059
0.049
0.056
0.045
0.045
0.058
0.053
0.045
0.049
0.048
0.043
0.065
0.047
0.043
0.047
0.056
0.06
0.062
0.049
0.043
0.044
0.046
0.05
0.05
0.044
0.044
0.053
0.055
0.051
0.045
0.074
0.045
0.047
0.051
0.059
0.059
0.068
0.059
0.066
0.051
0.048
0.045
0.054
0.056
0.053
0.046
0.046
0.051
0.052
0.084
0.07
0.058
0.06
0.06
0.06
0.079
0.073
0.059
0.07
0.06
0.067
0.059
0.067
0.057
0.055
0.06
0.068
0.077
0.068
0.073
0.063
0.062
0.058
0.067
0.059
0.07
0.061
0.064
0.069
0.064
0.077
0.071
0.071
0.073
0.08
0.075
0.073
0.086
0.075
0.055
0.06
0.063
0.061
0.063
0.064
0.065
1.668
0.064
0.07
0.068
0.067
0.056
0.055
0.061
0.068
0.071
0.073
0.074
0.074
0.072
0.07
0.078
0.072
0.061
0.056
0.06
0.059
0.064
0.059
0.06
0.06
0.063
0.077
0.066
0.064
0.08
0.074
0.069
0.058
0.072
0.06
0.073
0.074
0.076
0.069
0.06
0.057
0.056
0.056
0.056
0.055
0.055
0.054
0.075
0.062
0.101
0.065
0.081
0.076
0.063
0.057
0.054
1.429
0.068
0.077
0.074
0.06
0.108
0.055
0.069
0.062
0.065
0.067
0.085
0.078
0.062
0.062
0.061
0.076
0.079
0.073
0.067
0.075
0.065
0.061
0.059
0.059
0.064
0.11
0.059
0.057
0.062
0.064
0.069
0.075
0.075
0.072
0.072
0.074
0.061
0.064
0.061
0.056
0.058
0.065
0.061
0.058
0.063
0.058
0.06
0.06
0.084
0.083
0.073
0.059
0.073
0.071
0.088
0.077
0.071
0.067
0.06
0.06
0.054
0.102
0.064
0.074
0.059
0.061
0.065
0.071
0.069
0.112
0.065
0.059
0.061
0.062
0.067
0.059
0.058
0.076
0.061
0.062
0.058
0.06
0.056
0.062
0.077
0.066
0.104
0.073
0.058
0.058
0.057
0.087
0.078
0.072
0.077
0.067
0.059
0.061
0.056
0.055
0.059
0.06
0.068
0.061
0.062
0.062
0.062
0.068
0.064
0.073
0.077
0.072
0.063
0.061
0.057
0.058
0.065
0.059
0.057
0.063
0.057
0.087
0.091
0.074
0.094
0.101
0.076
0.07
0.103
0.07
0.074
0.076
0.075
0.071
0.076
0.076
0.087
0.075
0.077
0.063
0.314
0.072
0.061
0.058
0.057
0.054
0.099
0.054
0.055
0.057
0.06
0.058
0.071
0.065
0.063
0.059
0.069
0.069
0.07
0.119
0.064
0.062
0.295
0.361
0.05
0.087
0.054
0.062
0.026
0.026
3.079
0.026
3.409
0.027
2.918
0.03
2.951
0.027
3.002
0.027
0.435
0.029
0.247
0.028
3.184
0.029
0.49
0.029
7.075
0.027
6.843
0.029
6.247
0.025
5.916
0.025
0.21
0.03
0.247
0.027
0.241
0.03
0.253
0.029
0.176
0.027
3.023
0.034
4.75
0.031
0.074
0.028
0.094
0.08
0.073
0.058
0.063
0.067
0.06
0.073
0.07
0.071
0.064
0.072
0.066
0.064
0.064
0.069
0.084
0.072
0.066
0.062
0.063
0.083
0.087
0.072
0.061
0.064
0.058
0.076
0.069
0.068
0.062
0.063
0.058
0.059
0.06
0.058
0.059
0.061
0.088
5.861
3.029
3.198
3.102
0.071
0.078
0.17
0.086
0.169
0.168
0.677
0.163
0.187
0.18
0.182
0.173
0.166
0.082
0.08
0.169
0.163
0.167
0.17
0.081
0.075
0.191
0.079
0.174
0.166
0.176
0.167
0.092
0.169
0.166
0.166
0.073
0.183
0.166
0.085
0.17
0.074
0.167
0.373
0.382
0.419
0.403
0.494
0.228
0.398
0.313
0.294
0.226
0.218
0.306
0.227
0.27
0.294
0.278
0.24
0.218
0.296
0.297
0.241
0.32
0.405
0.418
0.321
0.308
0.295
0.385
0.293
0.29
0.303
0.293
0.332
0.312
0.292
0.325
0.241
0.352
0.391
0.403
0.294
0.336
0.223
0.232
0.256
0.281
0.259
0.289
0.321
0.313
0.277
0.294
0.246
0.219
0.211
0.25
0.231
0.257
0.235
0.35
0.386
0.32
0.358
0.231
0.234
0.309
0.348
0.324
0.325
0.316
0.319
0.308
0.561
0.717
0.324
0.358
0.362
0.208
0.3
0.294
0.336
1.65
0.394
0.249
0.31
0.297
0.313
0.295
0.299
0.293
0.296
0.29
0.291
0.344
0.37
0.35
0.229
0.3
0.309
0.298
0.354
0.315
0.293
0.286
0.28
0.303
1.564
0.242
0.336
0.225
0.321
0.243
0.287
0.29
0.376
0.212
0.278
0.278
0.335
0.395
0.329
0.292
0.294
0.303
0.364
0.261
0.266
0.336
0.345
0.325
0.258
0.296
0.399
0.309
0.236
0.365
0.357
0.372
0.265
0.302
0.252
0.251
0.333
0.314
0.324
0.226
0.236
0.316
0.251
0.231
0.299
0.299
5.915
0.25
0.268
0.285
0.302
0.312
0.263
0.325
0.301
0.272
0.353
0.37
0.32
0.337
0.315
0.433
0.376
0.354
0.348
0.073
0.044
0.047
0.048
0.047
0.044
0.061
0.062
0.071
0.061
0.058
0.046
0.047
0.048
0.048
0.047
0.047
0.046
0.051
0.076
0.045
0.056
0.063
0.061
0.064
0.048
0.041
0.048
0.05
0.052
0.048
0.045
0.049
0.061
0.055
0.049
0.058
0.064
0.065
0.046
0.048
0.05
0.042
0.085
0.063
0.06
0.053
0.045
0.044
0.045
0.049
0.053
0.05
0.051
0.049
0.059
0.056
0.062
0.053
0.047
0.053
0.062
0.065
0.065
0.07
0.052
0.047
0.047
0.05
0.046
0.05
0.051
0.05
0.048
0.043
0.048
0.064
0.045
0.043
0.049
0.045
0.058
0.066
0.056
0.059
0.049
0.056
0.045
0.045
0.058
0.053
0.045
0.049
0.048
0.043
0.065
0.047
0.043
0.047
0.056
0.06
0.062
0.049
0.043
0.044
0.046
0.05
0.05
0.044
0.044
0.053
0.055
0.051
0.045
0.074
0.045
0.047
0.051
0.059
0.059
0.068
0.059
0.066
0.051
0.048
0.045
0.054
0.056
0.053
0.046
0.046
0.051
0.052
0.084
0.07
0.058
0.06
0.06
0.06
0.079
0.073
0.059
0.07
0.06
0.067
0.059
0.067
0.057
0.055
0.06
0.068
0.077
0.068
0.073
0.063
0.062
0.058
0.067
0.059
0.07
0.061
0.064
0.069
0.064
0.077
0.071
0.071
0.073
0.08
0.075
0.073
0.086
0.075
0.055
0.06
0.063
0.061
0.063
0.064
0.065
1.668
0.064
0.07
0.068
0.067
0.056
0.055
0.061
0.068
0.071
0.073
0.074
0.074
0.072
0.07
0.078
0.072
0.061
0.056
0.06
0.059
0.064
0.059
0.06
0.06
0.063
0.077
0.066
0.064
0.08
0.074
0.069
0.058
0.072
0.06
0.073
0.074
0.076
0.069
0.06
0.057
0.056
0.056
0.056
0.055
0.055
0.054
0.075
0.062
0.101
0.065
0.081
0.076
0.063
0.057
0.054
1.429
0.068
0.077
0.074
0.06
0.108
0.055
0.069
0.062
0.065
0.067
0.085
0.078
0.062
0.062
0.061
0.076
0.079
0.073
0.067
0.075
0.065
0.061
0.059
0.059
0.064
0.11
0.059
0.057
0.062
0.064
0.069
0.075
0.075
0.072
0.072
0.074
0.061
0.064
0.061
0.056
0.058
0.065
0.061
0.058
0.063
0.058
0.06
0.06
0.084
0.083
0.073
0.059
0.073
0.071
0.088
0.077
0.071
0.067
0.06
0.06
0.054
0.102
0.064
0.074
0.059
0.061
0.065
0.071
0.069
0.112
0.065
0.059
0.061
0.062
0.067
0.059
0.058
0.076
0.061
0.062
0.058
0.06
0.056
0.062
0.077
0.066
0.104
0.073
0.058
0.058
0.057
0.087
0.078
0.072
0.077
0.067
0.059
0.061
0.056
0.055
0.059
0.06
0.068
0.061
0.062
0.062
0.062
0.068
0.064
0.073
0.077
0.072
0.063
0.061
0.057
0.058
0.065
0.059
0.057
0.063
0.057
0.087
0.091
0.074
0.094
0.101
0.076
0.07
0.103
0.07
0.074
0.076
0.075
0.071
0.076
0.076
0.087
0.075
0.077
0.063
0.314
0.072
0.061
0.058
0.057
0.054
0.099
0.054
0.055
0.057
0.06
0.058
0.071
0.065
0.063
0.059
0.069
0.069
0.07
0.119
0.064
0.062
0.295
0.361
0.05
0.087
0.054
0.062
0.026
0.026
3.079
0.026
3.409
0.027
2.918
0.03
2.951
0.027
3.002
0.027
0.435
0.029
0.247
0.028
3.184
0.029
0.49
0.029
7.075
0.027
6.843
0.029
6.247
0.025
5.916
0.025
0.21
0.03
0.247
0.027
0.241
0.03
0.253
0.029
0.176
0.027
3.023
0.034
4.75
0.031
0.074
0.028
0.094
0.08
0.073
0.058
0.063
0.067
0.06
0.073
0.07
0.071
0.064
0.072
0.066
0.064
0.064
0.069
0.084
0.072
0.066
0.062
0.063
0.083
0.087
0.072
0.061
0.064
0.058
0.076
0.069
0.068
0.062
0.063
0.058
0.059
0.06
0.058
0.059
0.061
0.088
5.861
3.029
3.198
3.102
0.071
0.078
0.17
0.086
0.169
0.168
0.677
0.163
0.187
0.18
0.182
0.173
0.166
0.082
0.08
0.169
0.163
0.167
0.17
0.081
0.075
0.191
0.079
0.174
0.166
0.176
0.167
0.092
0.169
0.166
0.166
0.073
0.183
0.166
0.085
0.17
0.074
0.167
1.175
0.228
0.218
0.221
0.351
0.429
0.229
0.407
0.403
0.398
0.421
0.291
