0.109
0.107
0.109
0.107
0.109
0.107
0.109
0.107
0.109
0.107
0.137
0.069
0.137
0.069
0.13
0.113
0.084
0.168
0.084
0.088
0.09
0.086
0.089
0.176
0.121
0.107
0.117
0.83
0.414
0.451
0.098
0.105
0.093
0.121
0.161
0.143
0.13
0.087
0.135
0.115
0.12
0.087
0.098
0.101
0.096
0.275
0.1
0.109
0.095
0.093
0.095
0.137
0.088
0.363
0.095
0.095
0.218
0.095
0.348
0.828
0.454
0.463
0.125
0.111
0.108
0.101
0.096
0.732
0.095
0.102
0.119
0.124
0.156
0.129
0.131
0.159
0.156
0.185
0.187
0.183
0.196
0.186
0.198
0.141
0.181
0.211
0.207
0.144
0.325
0.812
0.331
0.051
0.038
0.033
8.198
0.039
0.028
0.026
5.261
0.032
0.027
3.361
0.032
0.028
3.398
0.03
0.029
3.266
0.482
0.032
0.029
3.504
0.031
0.027
3.386
0.03
0.024
3.18
0.032
0.026
3.427
0.032
0.026
3.429
0.03
0.027
3.39
0.031
0.026
3.683
0.033
0.026
3.391
0.028
0.027
0.031
0.027
3.387
0.032
0.025
0.176
0.029
0.025
0.118
0.031
0.026
0.143
0.031
0.026
0.705
0.575
0.228
0.032
0.026
0.144
0.212
0.031
0.025
0.038
0.029
0.139
0.044
0.028
0.046
0.032
0.235
0.033
0.029
0.028
0.095
0.26
0.032
0.04
0.029
0.042
0.242
0.178
0.167
0.353
0.248
0.257
0.034
0.028
0.267
0.046
0.038
0.038
0.363
0.124
0.209
0.105
0.217
0.231
0.228
2.413
0.756
0.58
0.213
0.223
0.259
0.114
0.207
0.211
0.218
0.273
0.232
0.217
0.212
0.511
0.352
0.451
0.223
0.105
0.243
0.053
0.055
0.218
0.035
0.028
0.218
0.034
0.027
0.219
0.046
0.039
0.047
1.768
8.642
6.302
0.099
0.094
0.11
0.112
0.106
0.114
0.624
6.093
0.455
10.156
6.964
8.304
4.458
4.495
6.625
7.451
11.337
4.97
6.579
6.187
6.64
5.331
7.145
5.173
5.679
6.832
7.153
9.012
6.567
6.052
9.497
4.842
8.507
6.024
4.888
4.55
0.481
0.352
0.229
0.436
0.101
0.556
0.228
0.232
0.599
0.71
0.554
0.713
0.552
0.275
6.269
0.668
0.568
0.093
0.317
0.13
0.113
0.084
0.168
0.084
0.088
0.09
0.086
0.089
0.176
0.121
0.107
0.117
0.83
0.414
0.451
0.098
0.105
0.093
0.121
0.161
0.143
0.13
0.087
0.135
0.115
0.12
0.087
0.098
0.101
0.096
0.275
0.1
0.109
0.095
0.093
0.095
0.137
0.088
0.363
0.095
0.095
0.218
0.095
0.348
0.828
0.454
0.463
0.125
0.111
0.108
0.101
0.096
0.732
0.095
0.102
0.119
0.124
0.156
0.129
0.131
0.159
0.156
0.185
0.187
0.183
0.196
0.186
0.198
0.141
0.181
0.211
0.207
0.144
0.325
0.812
0.331
0.051
0.038
0.033
8.198
0.039
0.028
0.026
5.261
0.032
0.027
3.361
0.032
0.028
3.398
0.03
0.029
3.266
0.482
0.032
0.029
3.504
0.031
0.027
3.386
0.03
0.024
3.18
0.032
0.026
3.427
0.032
0.026
3.429
0.03
0.027
3.39
0.031
0.026
3.683
0.033
0.026
3.391
0.028
0.027
0.031
0.027
3.387
0.032
0.025
0.176
0.029
0.025
0.118
0.031
0.026
0.143
0.031
0.026
0.705
0.575
0.228
0.032
0.026
0.144
0.212
0.031
0.025
0.038
0.029
0.139
0.044
0.028
0.046
0.032
0.235
0.033
0.029
0.028
0.095
0.26
0.032
0.04
0.029
0.042
0.242
0.178
0.167
0.353
0.248
0.257
0.034
0.028
0.267
0.046
0.038
0.038
0.363
0.124
0.209
0.105
0.217
0.231
0.228
2.413
0.756
0.58
0.213
0.223
0.259
0.114
0.207
0.211
0.218
0.273
0.232
0.217
0.212
0.511
0.352
0.451
0.223
0.105
0.243
0.053
0.055
0.218
0.035
0.028
0.218
0.034
0.027
0.219
0.046
0.039
0.047
1.768
8.642
6.302
0.099
0.094
0.11
0.112
0.106
0.114
0.624
6.093
0.455
10.156
6.964
8.304
4.458
4.495
6.625
7.451
11.337
4.97
6.579
6.187
6.64
5.331
7.145
5.173
5.679
6.832
7.153
9.012
6.567
6.052
9.497
4.842
8.507
6.024
4.888
4.55
0.481
0.352
0.229
0.436
0.101
0.556
0.228
0.232
0.599
0.71
0.554
0.713
0.552
0.275
6.269
0.668
0.568
0.093
0.317
0.176
0.333
0.143
0.448
0.183
0.403
0.145
0.219
0.187
0.4
0.175
0.456
0.454
0.523
0.712
0.518
0.155
0.441
0.04
20.659
0.4
0.04
7.76
0.253
0.252
0.168
0.184
0.176
0.423
0.037
9.16
0.375
0.046
8.861
0.519
0.041
7.908
0.487
0.041
16.124
0.506
0.051
10.35
0.462
0.039
11.079
0.506
0.042
12.993
0.506
0.036
11.022
0.159
0.166
0.176
0.173
0.236
0.155
0.167
0.432
0.037
0.036
0.029
3.121
0.043
0.035
0.538
0.032
9.41
0.482
0.035
1.808
0.037
1.904
0.461
0.035
1.744
0.032
1.721
0.038
1.84
0.066
1.887
0.075
3.655
0.047
1.862
0.049
2.319
0.033
1.612
0.11
1.893
0.26
0.113
0.247
0.11
0.114
0.113
0.372
2.661
0.338
2.194
0.403
2.814
0.249
0.014
1.643
0.096
0.109
0.122
0.368
0.206
0.252
0.248
0.257
0.246
0.219
0.224
0.251
0.263
0.271
0.246
0.275
0.269
0.282
0.289
0.291
0.269
0.291
0.28
0.273
0.295
0.268
0.239
0.227
0.227
0.217
0.209
0.213
0.216
0.221
0.281
0.222
0.223
0.251
0.238
0.238
5.029
0.397
0.279
0.278
0.293
0.132
0.111
0.241
0.245
0.373
0.245
0.357
0.249
0.242
0.274
0.255
0.572
0.504
0.264
0.255
0.257
0.258
0.268
0.262
0.282
0.298
0.3
0.307
1.459
0.41
0.309
0.37
0.301
0.329
0.353
0.315
0.317
0.329
0.326
0.323
0.325
0.197
0.322
0.31
0.329
0.366
0.726
0.19
0.361
0.349
0.419
0.349
0.406
0.347
0.375
0.338
0.422
0.372
0.37
0.59
0.382
0.218
0.375
0.372
0.438
0.374
0.359
0.383
0.373
0.275
0.463
0.511
0.399
0.39
0.392
0.41
0.397
0.461
0.467
0.295
0.404
0.44
0.425
0.466
0.408
0.464
0.415
0.447
0.405
0.431
0.449
0.465
0.35
0.419
0.406
0.412
0.407
0.466
0.466
1.224
0.38
0.508
0.453
0.451
0.446
0.462
1.443
0.47
0.45
0.45
0.465
1.16
0.612
0.384
0.621
0.491
0.58
0.495
0.588
0.531
1.182
0.375
0.52
0.633
0.525
0.352
0.509
0.536
0.553
0.503
3.486
0.632
0.554
0.541
0.78
0.519
0.523
0.506
0.771
0.656
0.633
0.558
0.537
0.525
0.556
1.219
0.54
0.533
0.575
0.849
0.631
0.654
0.576
0.562
0.492
0.555
0.558
0.82
0.62
0.417
0.63
0.597
0.618
0.565
0.579
0.696
0.705
0.737
0.616
0.581
0.586
0.649
0.61
0.583
0.887
0.667
0.628
0.808
0.781
0.7
0.637
0.618
0.615
0.611
0.703
0.725
0.653
0.58
0.718
0.739
1.057
0.717
0.714
0.639
1.014
0.779
0.678
0.716
0.664
0.663
0.805
0.747
0.782
0.845
0.019
0.016
0.017
1.718
0.02
1.85
0.019
2.531
0.017
2.113
0.017
1.72
0.018
1.719
0.02
2.012
0.02
2.277
0.023
1.733
0.023
0.029
3.3
0.032
0.02
3.394
0.023
1.808
0.032
1.739
0.021
1.584
0.359
1.889
0.166
2.892
0.162
1.881
0.119
2.099
0.129
1.682
0.194
2.041
0.185
1.956
0.141
2.369
0.18
1.898
0.202
3.09
0.066
0.203
2.119
0.066
0.189
2.038
0.061
0.19
2.023
0.037
0.134
1.901
0.085
0.192
1.973
0.124
0.135
1.749
0.175
0.167
2.009
0.121
0.189
1.926
0.121
0.136
1.933
0.113
0.189
2.084
0.168
2.776
0.147
2.014
0.189
1.997
0.158
2.308
0.196
1.953
0.233
2.138
0.147
2.42
0.137
1.96
0.157
6.074
11.172
0.202
8.235
10.95
0.161
8.711
12.17
0.317
0.16
6.343
9.884
0.322
0.307
5.907
8.555
0.319
0.171
6.77
9.318
0.163
0.072
4.747
6.683
0.079
0.071
6.577
8.644
0.078
0.05
3.792
5.543
0.051
0.047
0.019
0.054
0.016
0.043
0.023
0.045
0.021
0.09
0.021
0.052
0.016
0.039
0.021
0.039
0.018
0.045
0.02
0.084
0.03
0.058
0.021
0.095
0.048
0.162
0.065
0.143
0.074
0.089
0.076
0.119
0.127
0.077
0.125
0.126
0.124
0.137
0.129
0.061
0.07
0.129
0.11
0.132
0.136
0.121
0.121
0.122
0.131
0.119
0.122
0.113
0.107
0.128
0.134
0.133
0.128
0.135
0.141
0.133
0.103
0.125
0.084
0.084
0.125
0.104
0.037
0.023
0.024
0.051
0.093
0.056
0.139
0.018
0.024
0.023
0.031
0.018
0.025
0.065
0.068
0.07
0.074
0.072
0.079
0.08
0.073
0.078
0.071
0.076
0.08
0.071
0.068
0.07
0.057
0.067
0.054
0.064
0.058
0.062
0.055
0.131
0.059
0.058
0.056
0.071
0.027
0.062
0.065
0.078
0.067
0.107
0.067
0.07
0.065
0.147
0.17
0.108
0.078
0.081
0.253
0.077
0.076
0.078
0.083
0.079
0.073
0.077
0.075
0.071
0.077
0.077
0.073
0.052
0.079
0.07
0.083
0.077
0.146
0.123
0.058
0.07
0.053
0.065
0.072
0.05
0.082
0.085
0.072
0.072
0.076
0.074
0.085
0.077
0.067
0.07
0.058
0.112
0.075
0.074
0.072
0.083
0.049
0.095
0.101
0.091
0.084
0.051
0.058
0.064
0.058
0.033
0.065
0.032
0.073
0.072
0.074
0.115
0.038
0.072
0.042
0.07
0.144
0.078
0.073
0.046
0.067
0.071
0.071
0.077
0.073
0.076
0.226
0.082
0.076
0.069
0.071
0.067
0.073
0.07
0.075
0.071
0.067
0.068
0.113
0.064
0.072
0.072
0.084
0.071
0.074
0.075
0.07
0.074
0.036
0.028
0.028
0.03
0.05
0.083
0.074
0.073
0.073
0.073
0.072
0.075
0.083
0.079
0.114
0.12
0.081
0.086
0.063
0.071
0.074
0.066
0.061
0.072
0.076
0.081
0.082
0.087
0.088
0.082
0.061
0.072
0.07
0.068
0.066
0.065
0.068
0.066
0.068
0.073
0.074
0.07
0.068
0.075
0.081
0.066
0.075
0.067
0.075
0.072
0.073
0.075
0.078
0.073
0.075
0.075
0.064
0.076
0.079
0.073
0.073
0.075
0.074
0.072
0.074
0.071
0.075
0.071
0.069
0.073
0.065
0.072
0.071
0.075
0.074
0.068
0.074
0.068
0.118
0.074
0.073
0.069
0.072
0.097
0.08
0.076
0.062
0.07
0.077
0.074
0.082
0.075
0.079
0.074
0.074
0.064
0.074
0.073
0.07
0.085
0.074
0.071
0.076
0.085
0.062
0.073
0.078
0.083
0.116
0.064
0.074
0.073
0.067
0.076
0.064
0.074
0.075
0.074
0.08
0.076
0.068
0.081
0.063
0.072
0.074
0.079
0.068
0.063
0.132
0.086
0.075
0.082
0.08
0.065
0.068
0.079
0.082
0.067
0.068
0.078
0.082
0.064
0.061
0.075
0.085
0.063
0.073
0.075
0.078
0.113
0.063
0.077
0.076
0.078
0.077
0.038
0.032
0.031
0.073
0.089
0.076
0.08
0.064
0.071
0.08
0.122
0.112
0.083
0.067
0.068
0.078
0.079
0.061
0.065
0.067
0.073
0.081
0.077
0.068
0.08
0.07
0.072
0.074
0.08
0.069
0.076
0.073
0.082
0.072
0.07
0.07
0.065
0.102
0.076
0.074
0.067
0.067
0.066
0.066
0.065
0.069
0.065
0.079
0.07
0.081
0.076
0.071
0.072
0.074
0.074
0.078
0.081
0.088
0.104
0.079
0.079
0.061
0.074
0.078
0.085
0.09
0.08
0.073
0.076
0.066
0.08
0.08
0.072
0.081
0.087
0.079
0.082
0.076
0.068
0.083
0.078
0.09
0.085
0.13
0.08
0.076
0.064
0.079
0.079
0.078
0.08
0.075
0.077
0.074
0.072
0.069
0.077
0.138
0.073
0.07
0.066
0.073
0.078
0.073
0.064
0.08
0.066
0.073
0.066
0.074
0.078
0.088
0.083
0.082
0.081
0.073
0.066
0.08
0.078
0.072
0.064
0.083
0.076
0.077
0.082
0.074
0.078
0.065
0.081
0.082
0.079
0.076
0.083
0.069
0.082
0.071
0.083
0.079
0.079
0.083
0.074
0.07
0.076
0.062
0.078
0.074
0.072
0.079
0.078
0.068
0.081
0.067
0.083
0.076
0.08
0.077
0.068
0.082
0.071
0.082
0.079
0.073
0.086
0.076
0.082
0.081
0.074
0.084
0.066
0.064
0.066
0.071
0.074
0.066
0.082
0.083
0.081
0.089
0.081
0.077
0.073
0.078
0.06
0.066
0.073
0.076
0.073
0.07
0.073
0.074
0.094
0.069
0.082
0.078
0.082
0.068
0.078
0.065
0.079
0.083
0.084
0.083
0.069
0.077
0.07
0.084
0.069
0.074
0.084
0.074
0.091
0.07
0.07
0.069
0.081
0.071
0.066
0.073
0.081
0.08
0.078
0.088
0.073
0.059
0.067
0.07
0.07
0.118
0.099
0.075
0.076
0.081
0.075
0.076
0.072
0.076
0.074
0.072
0.075
0.092
0.077
0.083
0.072
0.072
0.14
0.074
0.134
0.039
0.903
0.068
1.215
0.074
0.934
0.076
0.966
0.074
1.282
0.083
1.771
0.07
1.685
0.071
1.797
0.066
0.91
0.063
1.244
0.061
1.006
0.078
2.194
0.074
0.937
0.072
0.915
17.035
15.353
15.545
13.838
3.789
12.333
11.631
1829.763
2.135
5002.568
11.323
2.683
1501.433
2.539
0.351
0.034
0.029
0.069
0.069
0.077
0.073
0.086
0.073
0.074
0.082
0.085
0.082
0.175
0.065
0.271
0.08
0.078
0.081
0.057
0.069
0.071
0.069
0.091
0.09
0.116
0.085
0.106
0.101
0.095
0.088
0.126
0.087
0.105
0.089
0.06
0.065
0.096
0.086
0.092
0.097
0.087
0.128
0.087
0.085
0.088
0.07
0.085
0.064
0.101
0.084
0.144
0.09
0.116
0.096
0.095
0.089
0.084
0.08
0.065
0.094
0.081
0.09
0.086
0.085
0.089
0.069
0.092
0.102
0.082
0.089
0.092
0.07
0.094
0.095
0.1
0.083
0.109
0.095
0.091
0.127
0.093
0.039
0.066
11.844
0.081
0.086
0.073
0.083
0.078
0.064
0.083
0.077
0.084
0.085
