0.053
0.053
0.06
0.108
0.061
0.058
0.101
0.061
0.056
0.113
0.113
0.055
0.105
0.06
0.059
0.055
0.105
0.059
0.105
0.049
0.095
0.061
0.097
0.05
0.097
0.057
0.054
0.057
0.059
0.06
0.124
0.061
0.059
0.055
0.073
0.048
0.05
0.058
0.05
0.062
0.05
0.061
0.07
0.058
0.067
0.059
0.211
0.059
0.067
0.071
0.07
0.055
0.059
0.066
0.058
0.051
0.065
0.064
0.061
0.064
0.262
0.061
0.064
0.062
0.058
0.249
0.066
0.057
0.06
0.063
0.063
0.057
0.055
0.059
0.061
0.061
0.059
0.071
0.073
0.055
0.062
0.124
0.058
0.068
0.054
0.048
0.06
0.061
0.058
0.074
0.063
0.055
0.068
0.062
0.055
0.067
0.053
0.053
0.081
0.089
0.049
0.058
0.077
0.055
0.071
0.071
0.052
0.058
0.061
0.049
0.074
0.051
0.05
0.069
0.064
0.054
0.09
0.061
0.105
0.055
0.06
0.071
0.083
0.052
0.059
0.068
0.055
0.054
0.058
0.055
0.052
0.06
0.053
0.072
0.052
0.051
0.071
0.069
0.085
0.069
0.058
0.057
0.058
0.065
0.053
0.059
0.057
0.063
0.053
0.057
0.059
0.067
0.058
0.055
0.066
0.05
0.055
0.06
0.071
0.052
0.062
0.052
0.05
0.071
0.11
0.069
0.072
0.063
0.054
0.06
0.06
0.064
0.065
0.058
0.058
0.068
0.047
0.052
0.068
0.05
0.051
0.062
0.048
0.058
0.07
0.049
0.047
0.076
0.053
0.048
0.07
0.047
0.051
0.06
0.057
0.111
0.057
0.047
0.052
0.05
0.058
0.051
0.063
0.059
0.051
0.051
0.1
0.054
0.066
0.055
0.048
0.069
0.054
0.048
0.07
0.065
0.052
0.058
0.057
0.051
0.134
0.061
0.065
0.067
0.062
0.069
0.059
0.068
0.062
0.078
0.054
0.067
0.052
0.068
0.055
0.069
0.054
0.074
0.053
0.065
0.053
0.073
0.048
0.063
0.057
0.067
0.053
0.061
0.058
0.073
0.057
0.09
0.067
0.072
0.051
0.066
0.059
0.063
0.064
0.076
0.052
0.083
0.057
0.07
0.058
0.078
0.055
0.07
0.049
0.069
0.053
0.062
0.061
0.052
0.07
0.053
0.066
0.056
0.062
0.054
0.061
0.049
0.065
0.062
0.064
0.06
0.052
0.065
0.057
0.055
0.054
0.075
0.051
0.06
0.056
0.052
0.054
0.068
0.068
0.055
0.059
0.064
0.053
0.07
0.063
0.077
0.062
0.048
0.06
0.059
0.051
0.066
0.064
0.061
0.064
0.065
0.095
0.064
0.057
0.057
0.06
0.064
0.053
0.066
0.06
0.049
0.06
0.054
0.057
0.047
0.057
0.05
0.064
0.056
0.057
0.054
0.059
0.063
0.064
0.057
0.059
0.058
0.064
0.061
0.055
0.07
0.073
0.065
0.073
0.054
0.063
0.052
0.056
0.068
0.062
0.053
0.061
0.065
0.074
0.068
0.056
0.066
0.085
0.057
0.069
0.052
0.064
0.064
0.054
0.053
0.053
0.06
0.108
0.061
0.058
0.101
0.061
0.056
0.113
0.113
0.055
0.105
0.06
0.059
0.055
0.105
0.059
0.105
0.049
0.095
0.061
0.097
0.05
0.097
0.057
0.054
0.057
0.059
0.06
0.124
0.061
0.059
0.055
0.073
0.048
0.05
0.058
0.05
0.062
0.05
0.061
0.07
0.058
0.067
0.059
0.211
0.059
0.067
0.071
0.07
0.055
0.059
0.066
0.058
0.051
0.065
0.064
0.061
0.064
0.262
0.061
0.064
0.062
0.058
0.249
0.066
0.057
0.06
0.063
0.063
0.057
0.055
0.059
0.061
0.061
0.059
0.071
0.073
0.055
0.062
0.124
0.058
0.068
0.054
0.048
0.06
0.061
0.058
0.074
0.063
0.055
0.068
0.062
0.055
0.067
0.053
0.053
0.081
0.089
0.049
0.058
0.077
0.055
0.071
0.071
0.052
0.058
0.061
0.049
0.074
0.051
0.05
0.069
0.064
0.054
0.09
0.061
0.105
0.055
0.06
0.071
0.083
0.052
0.059
0.068
0.055
0.054
0.058
0.055
0.052
0.06
0.053
0.072
0.052
0.051
0.071
0.069
0.085
0.069
0.058
0.057
0.058
0.065
0.053
0.059
0.057
0.063
0.053
0.057
0.059
0.067
0.058
0.055
0.066
0.05
0.055
0.06
0.071
0.052
0.062
0.052
0.05
0.071
0.11
0.069
0.072
0.063
0.054
0.06
0.06
0.064
0.065
0.058
0.058
0.068
0.047
0.052
0.068
0.05
0.051
0.062
0.048
0.058
0.07
0.049
0.047
0.076
0.053
0.048
0.07
0.047
0.051
0.06
0.057
0.111
0.057
0.047
0.052
0.05
0.058
0.051
0.063
0.059
0.051
0.051
0.1
0.054
0.066
0.055
0.048
0.069
0.054
0.048
0.07
0.065
0.052
0.058
0.057
0.051
0.134
0.061
0.065
0.067
0.062
0.069
0.059
0.068
0.062
0.078
0.054
0.067
0.052
0.068
0.055
0.069
0.054
0.074
0.053
0.065
0.053
0.073
0.048
0.063
0.057
0.067
0.053
0.061
0.058
0.073
0.057
0.09
0.067
0.072
0.051
0.066
0.059
0.063
0.064
0.076
0.052
0.083
0.057
0.07
0.058
0.078
0.055
0.07
0.049
0.069
0.053
0.062
0.061
0.052
0.07
0.053
0.066
0.056
0.062
0.054
0.061
0.049
0.065
0.062
0.064
0.06
0.052
0.065
0.057
0.055
0.054
0.075
0.051
0.06
0.056
0.052
0.054
0.068
0.068
0.055
0.059
0.064
0.053
0.07
0.063
0.077
0.062
0.048
0.06
0.059
0.051
0.066
0.064
0.061
0.064
0.065
0.095
0.064
0.057
0.057
0.06
0.064
0.053
0.066
0.06
0.049
0.06
0.054
0.057
0.047
0.057
0.05
0.064
0.056
0.057
0.054
0.059
0.063
0.064
0.057
0.059
0.058
0.064
0.061
0.055
0.07
0.073
0.065
0.073
0.054
0.063
0.052
0.056
0.068
0.062
0.053
0.061
0.065
0.074
0.068
0.056
0.066
0.085
0.057
0.069
0.052
0.064
0.064
0.054
0.054
0.063
0.063
0.052
0.065
0.052
0.053
0.055
0.052
0.054
0.06
0.081
0.068
0.069
0.051
0.065
0.059
0.051
0.067
0.053
0.063
0.056
0.062
0.056
0.06
0.086
0.076
0.059
0.053
0.063
0.051
0.073
0.078
0.059
0.066
0.053
0.076
0.06
0.067
0.047
0.058
0.055
0.058
0.054
0.063
0.06
0.058
0.054
0.058
0.057
0.052
0.074
0.052
0.068
0.06
0.06
0.065
0.056
0.058
0.058
0.069
0.061
0.061
0.06
0.07
0.066
0.061
0.055
0.061
0.109
0.071
0.065
0.068
0.064
0.057
0.069
0.055
0.051
0.052
0.05
0.066
0.052
0.056
0.061
0.062
0.074
0.069
0.069
0.074
0.066
0.069
0.069
0.057
0.076
0.054
0.057
0.061
0.062
0.056
0.07
0.098
0.069
0.067
0.099
0.073
0.074
0.064
0.069
0.075
0.067
0.064
0.07
0.066
0.069
0.076
0.078
