0.07
0.074
0.079
0.092
0.301
0.382
0.212
0.327
0.353
0.359
0.176
0.211
0.183
0.403
0.184
0.205
0.421
0.206
0.234
0.243
0.479
0.539
0.227
0.47
0.23
0.245
0.244
0.532
0.507
0.229
0.256
0.506
0.559
0.239
0.497
0.222
0.537
0.501
0.494
0.518
0.502
0.487
0.273
0.197
0.198
0.197
0.234
0.319
0.283
0.282
0.278
0.377
0.255
0.32
2.646
0.576
0.375
0.232
0.07
0.074
0.079
0.092
0.301
0.382
0.212
0.327
0.353
0.359
0.176
0.211
0.183
0.403
0.184
0.205
0.421
0.206
0.234
0.243
0.479
0.539
0.227
0.47
0.23
0.245
0.244
0.532
0.507
0.229
0.256
0.506
0.559
0.239
0.497
0.222
0.537
0.501
0.494
0.518
0.502
0.487
0.273
0.197
0.198
0.197
0.234
0.319
0.283
0.282
0.278
0.377
0.255
0.32
2.646
0.576
0.375
0.232
0.044
0.042
0.047
0.053
0.048
0.048
0.101
0.092
11.658
0.104
5.567
9.432
12.452
0.117
0.16
0.123
0.118
0.123
0.116
0.086
0.175
0.077
0.04
0.072
6.294
0.043
0.057
0.09
6.919
6.464
3.382
2.97
3.008
2.867
3.168
3.333
3.317
6.136
2.976
7.134
6.978
3.616
3.35
2.954
2.795
3.038
14.827
6.209
5.541
6.263
0.632
5.586
0.192
0.156
0.237
0.143
0.163
0.151
0.161
0.218
0.155
0.134
0.158
0.12
0.136
0.117
0.131
0.109
0.17
0.213
0.17
0.144
0.178
0.17
0.172
0.176
0.229
0.15
0.216
5.271
0.137
2.593
0.154
0.139
2.737
0.184
2.722
