35.059
0.113
0.137
0.131
0.131
0.158
0.122
0.121
0.107
0.127
0.117
0.134
0.139
0.141
0.126
0.053
0.06
0.054
0.052
0.041
0.049
0.065
0.055
0.046
0.05
0.051
0.053
0.054
0.038
0.051
0.053
0.044
0.05
0.052
0.059
0.054
0.061
0.054
0.056
37.896
0.054
0.05
0.039
0.052
0.045
0.051
0.05
0.039
0.057
0.036
0.083
0.057
0.037
0.037
0.048
0.05
0.038
0.054
0.05
0.038
0.038
0.048
0.051
0.071
0.059
0.057
0.06
0.038
0.04
0.049
0.036
0.086
0.039
0.05
0.038
0.054
0.051
0.192
0.041
0.049
0.05
0.048
0.047
0.066
0.051
0.049
0.067
0.277
0.041
0.053
0.056
0.047
0.041
0.055
0.04
0.059
0.045
0.041
0.055
0.049
0.057
0.058
0.054
0.038
0.04
0.054
0.04
0.053
0.057
0.039
0.053
0.052
0.052
0.055
0.044
0.04
0.046
0.038
0.041
0.063
0.04
0.04
0.039
0.041
0.039
0.041
0.058
0.057
0.05
0.056
0.043
0.04
0.058
0.053
0.051
38.707
0.046
0.05
0.099
0.064
0.054
0.044
0.058
0.052
0.042
0.047
0.07
0.059
0.063
0.058
0.061
0.061
0.059
0.05
0.038
0.037
35.059
0.113
0.137
0.131
0.131
0.158
0.122
0.121
0.107
0.127
0.117
0.134
0.139
0.141
0.126
0.053
0.06
0.054
0.052
0.041
0.049
0.065
0.055
0.046
0.05
0.051
0.053
0.054
0.038
0.051
0.053
0.044
0.05
0.052
0.059
0.054
0.061
0.054
0.056
37.896
0.054
0.05
0.039
0.052
0.045
0.051
0.05
0.039
0.057
0.036
0.083
0.057
0.037
0.037
0.048
0.05
0.038
0.054
0.05
0.038
0.038
0.048
0.051
0.071
0.059
0.057
0.06
0.038
0.04
0.049
0.036
0.086
0.039
0.05
0.038
0.054
0.051
0.192
0.041
0.049
0.05
0.048
0.047
0.066
0.051
0.049
0.067
0.277
0.041
0.053
0.056
0.047
0.041
0.055
0.04
0.059
0.045
0.041
0.055
0.049
0.057
0.058
0.054
0.038
0.04
0.054
0.04
0.053
0.057
0.039
0.053
0.052
0.052
0.055
0.044
0.04
0.046
0.038
0.041
0.063
0.04
0.04
0.039
0.041
0.039
0.041
0.058
0.057
0.05
0.056
0.043
0.04
0.058
0.053
0.051
38.707
0.046
0.05
0.099
0.064
0.054
0.044
0.058
0.052
0.042
0.047
0.07
0.059
0.063
0.058
0.061
0.061
0.059
0.05
0.038
0.037
0.042
0.052
0.017
0.019
0.017
0.018
0.021
0.019
0.07
0.068
35.059
0.113
0.137
0.131
0.131
0.158
0.122
0.121
0.107
0.127
0.117
0.134
0.139
0.141
0.126
0.053
0.06
0.054
0.052
0.041
0.049
0.065
0.055
0.046
0.05
0.051
0.053
0.054
0.038
0.051
0.053
0.044
0.05
0.052
0.059
0.054
0.061
0.054
0.056
37.896
0.054
0.05
0.039
0.052
0.045
0.051
0.05
0.039
0.057
0.036
0.083
0.057
0.037
0.037
0.048
0.05
0.038
0.054
0.05
0.038
0.038
0.048
0.051
0.071
0.059
0.057
0.06
0.038
0.04
0.049
0.036
0.086
0.039
0.05
0.038
0.054
0.051
0.192
0.041
0.049
0.05
0.048
0.047
0.066
0.051
0.049
0.067
0.277
0.041
0.053
0.056
0.047
0.041
0.055
0.04
0.059
0.045
0.041
0.055
0.049
0.057
0.058
0.054
0.038
0.04
0.054
0.04
0.053
0.057
0.039
0.053
0.052
0.052
0.055
0.044
0.04
0.046
0.038
0.041
0.063
0.04
0.04
0.039
0.041
0.039
0.041
0.058
0.057
0.05
0.056
0.043
0.04
0.058
0.053
0.051
38.707
0.046
0.05
0.099
0.064
0.054
0.044
0.058
0.052
0.042
0.047
0.07
0.059
0.063
0.058
0.061
0.061
0.059
0.05
0.038
0.037
0.042
0.052
0.017
0.019
0.017
0.018
0.021
0.019
0.07
0.068
0.125
0.098
0.101
0.079
0.071
0.062
0.082
0.083
0.073
0.076
0.08
0.074
0.068
0.083
0.065
0.084
0.093
0.091
0.089
2.303
0.269
0.044
0.051
0.034
0.039
0.028
0.046
0.045
0.035
0.038
0.032
0.036
40.603
0.041
0.034
0.031
0.03
0.039
0.039
0.033
0.034
0.03
0.032
0.048
0.031
0.032
0.043
47.972
0.041
0.044
0.034
0.034
0.039
0.03
0.033
0.043
0.034
0.069
0.035
0.038
0.046
0.034
0.043
0.036
0.031
0.029
0.042
0.034
0.037
0.04
0.033
0.044
0.042
0.031
0.042
0.035
40.751
0.037
0.033
0.032
0.033
0.045
0.045
0.033
0.033
0.033
0.032
0.041
0.037
0.03
0.033
0.032
0.037
0.042
0.032
0.032
0.04
0.034
0.031
0.03
0.033
0.038
0.04
0.033
0.03
0.035
0.03
0.031
0.042
0.04
0.035
0.04
0.03
0.038
0.031
0.042
0.034
0.039
0.03
0.028
0.037
3.957
2.667
2.087
2.133
2.208
2.296
2.494
2.066
2.211
2.161
3.882
3.43
2.661
2.941
2.267
3.744
4.989
6.165
4.622
6.584
5.082
4.741
3.965
3.965
4.397
4.347
5.344
3.941
5.779
4.029
5.114
6.854
55.187
49.096
51.186
78.125
56.218
39.142
75.834
38.115
44.941
56.552
49.806
53.474
46.529
39.031
48.522
46.477
51.05
43.843
39.823
51.02
53.39
49.189
57.485
41.073
46.803
51.375
47.527
47.459
48.052
48.701
41.225
41.031
56.988
46.532
47.731
48.47
43.645
48.951
41.58
44.638
49.869
47.959
38.848
53.088
45.655
46.231
53.441
53.413
42.366
42.704
49.27
55.833
39.609
51.913
76.378
46.453
47.938
76.943
42.761
54.204
52.972
59.792
47.114
49.292
38.125
46.178
50.278
43.792
49.955
39.004
47.044
48.932
51.654
51.716
50.82
52.35
45.704
56.615
53.251
48.819
50.192
52.14
42.37
45.762
41.52
47.2
45.683
52.309
45.715
45.918
47.931
51.116
52.472
53.254
51.003
48.507
51.948
48.076
43.804
48.948
54.244
46.703
48.925
50.942
55.493
65.789
52.095
71.61
37.739
44.017
50.421
50.111
41.55
40.442
47.049
49.836
37.473
45.771
48.971
44.404
51.322
44.57
41.876
51.317
41.227
50.69
48.771
43.419
51.957
50.814
38.389
43.055
46.598
45.66
46.402
102.855
46.101
51.046
50.89
49.453
46.516
50.688
50.081
44.607
39.777
45.708
47.672
46.907
47.722
44.677
50.889
47.294
50.223
47.904
47.447
61.305
49.318
38.658
81.412
58.442
47.916
41.807
47.655
36.512
73.005
49.573
65.103
49.305
48.385
39.564
59.986
61.452
47.542
47.332
46.783
42.693
41.489
52.602
45.671
73.931
43.85
42.079
72.187
41.307
43.587
43.643
45.035
51.138
47.476
39.982
46.616
37.923
47.037
36.818
55.803
43.363
43.603
52.517
46.183
50.137
47.885
47.237
49.625
52.297
45.482
64.908
44.049
46.955
50.45
58.805
56.699
37.918
51.637
44.358
42.011
40.831
47.14
55.385
59.678
48.802
66.424
35.592
43.455
73.744
33.095
38.811
55.982
50.832
41.612
37.945
46.892
65.976
53.488
52.937
71.066
33.891
39.01
48.877
40.094
48.646
78.592
40.586
62.791
48.853
52.695
42.157
50.002
45.686
49.024
50.86
45.609
50.123
50.515
51.846
49.326
48.814
52.861
39.257
46.144
49.584
43.535
52.034
50.274
50.279
52.113
51.35
47.906
50.959
47.128
46.508
47.597
39.376
50.594
36.524
51.76
46.642
45.834
49.932
37.495
46.297
50.352
51.802
43.55
52.144
45.226
45.326
51.864
50.949
42.236
46.396
40.395
50.31
36.346
43.32
42.685
40.041
61.899
44.794
47.713
74.336
34.459
41.351
64.211
40.739
46.308
48.152
34.293
70.239
48.065
48.227
80.35
55.323
41.599
56.437
50.369
55.668
76.18
56.625
77.542
42.592
48.602
38.811
47.489
54.984
54.496
51.136
48.242
53.384
42.186
43.842
48.726
36.963
38.014
46.127
51.766
40.27
47.097
50.84
46.098
42.933
46.242
46.745
44.309
36.998
48.051
37.671
45.655
40.766
39.031
45.072
38.732
48.906
47.123
52.648
38.721
47.175
51.138
53.521
48.691
47.583
47.377
48.92
44.887
40.312
48.292
37.239
46.189
46.177
47.597
37.74
47.925
48.417
72.935
35.974
52.464
83.395
45.551
34.329
71.487
47.487
50.525
12.53
14.612
9.356
11.029
10.458
21.458
13.044
10.362
13.143
19.701
10.615
9.309
21.189
12.67
12.628
13.702
16.716
17.363
10.2
8.064
17.304
8.107
35.01
11.776
8.983
9.673
11.664
7.651
13.024
16.208
19.863
10.408
11.471
11.453
65.965
12.902
9.297
13.402
10.094
9.566
8.18
14.925
8.51
8.886
9.52
23.199
13.692
8.815
21.041
8.697
14.63
11.856
18.801
14.463
8.781
10.897
21.981
9.306
20.382
9.579
8.283
9.737
14.281
8.3
17.872
15.48
23.642
10.239
8.644
11.384
8.667
8.864
19.616
11.539
25.402
14.379
11.077
17.66
25.07
13.064
14.752
40.15
15.658
12.848
12.005
8.896
21.777
27.243
14.529
19.522
17.7
12.082
11.695
12.726
20.055
18.805
7.527
17.334
9.755
14.763
9.972
18.49
18.515
9.667
13.776
15.837
9.822
21.947
14.496
10.79
9.203
21.304
25.272
13.207
22.948
19.385
11.949
9.39
19.558
18.689
14.939
17.323
9.595
42.166
41.836
13.796
77.726
15.818
14.464
18.931
8.153
76.33
12.272
9.493
11.711
24.302
44.686
12.442
14.578
10.884
13.691
25.298
9.185
12.498
10.0
11.25
15.736
9.429
16.417
9.016
9.708
9.207
34.53
20.898
14.986
19.214
14.448
20.029
18.131
65.192
14.579
15.082
14.292
18.085
27.388
23.71
40.237
14.077
26.286
25.691
28.773
27.467
19.607
14.977
9.188
11.172
27.291
16.318
11.192
13.956
10.361
14.769
29.036
14.532
15.623
15.164
16.552
31.963
13.541
20.923
16.107
16.603
16.742
26.261
20.162
10.224
11.377
9.131
13.338
19.52
10.091
10.171
14.868
37.982
26.833
10.521
18.488
8.518
15.356
14.636
19.492
124.081
15.077
9.181
14.697
28.522
21.492
25.76
12.884
13.376
10.88
21.004
43.611
38.448
14.662
12.961
11.127
58.711
27.523
19.575
16.33
10.343
9.748
11.423
133.374
10.483
16.222
14.066
111.86
71.763
10.144
23.117
9.895
13.706
48.342
26.447
32.469
9.954
10.435
10.513
10.754
60.007
9.012
10.269
11.704
18.666
51.69
11.329
24.155
14.399
10.446
17.465
27.311
32.453
27.683
13.755
15.014
76.152
64.58
9.189
10.548
54.16
11.163
24.616
13.711
22.03
12.466
24.85
11.223
13.375
14.798
27.115
14.158
46.841
10.27
11.284
20.788
12.917
9.977
16.31
12.785
11.56
13.043
62.128
25.828
10.299
22.383
12.367
11.528
14.477
33.572
19.615
10.837
15.606
11.594
9.991
22.399
11.959
13.735
16.249
19.408
32.099
13.035
73.564
14.48
16.428
57.427
25.376
27.215
17.833
12.674
11.166
36.368
107.583
16.589
13.306
41.827
21.615
29.856
13.335
65.589
11.714
13.29
13.15
32.743
20.452
14.0
12.264
14.511
17.73
46.986
11.937
11.632
11.788
14.997
63.716
12.179
26.245
12.525
10.73
15.059
23.998
26.984
13.22
72.667
14.943
15.951
15.073
26.923
22.799
12.251
66.059
10.922
14.367
89.798
11.436
14.3
17.766
21.565
27.743
12.92
137.593
15.293
17.374
15.585
29.251
15.948
14.379
17.702
20.343
39.575
36.857
13.598
36.556
15.152
48.307
29.445
45.636
21.232
16.345
15.623
17.235
25.18
24.69
92.562
16.661
16.003
12.353
140.299
16.841
10.816
15.171
18.584
47.198
13.057
19.084
127.992
13.612
12.204
34.721
143.564
17.926
11.607
13.536
10.386
150.862
20.048
10.823
11.614
11.266
16.859
24.943
11.154
26.273
35.654
14.608
9.911
26.702
21.148
12.006
12.213
16.639
15.116
28.175
17.729
14.901
14.684
120.398
26.809
14.969
28.788
65.942
18.101
215.713
27.033
20.872
62.513
10.468
12.444
15.443
39.071
11.537
13.97
15.974
22.177
31.745
13.192
23.601
20.974
11.179
36.644
25.305
17.319
17.251
12.414
16.086
141.187
28.546
12.536
17.728
17.144
13.904
27.739
16.484
29.701
13.92
114.451
14.45
14.535
15.082
24.56
17.208
19.864
13.335
10.292
26.531
36.218
17.197
19.113
16.711
16.768
13.649
27.665
177.533
12.182
57.349
6.167
6.931
2.427
2.324
9.203
2.625
2.345
2.288
2.218
2.319
2.369
3.194
2.408
2.557
3.064
2.192
2.54
2.657
3.939
2.404
2.243
4.049
3.431
2.6
2.368
3.03
2.276
2.476
2.256
2.256
2.591
2.408
2.751
2.377
2.353
2.347
3.791
2.408
3.657
2.356
2.421
3.562
2.415
2.457
2.388
2.511
2.324
2.446
11.978
2.319
2.831
2.493
2.363
2.645
2.835
2.379
2.394
2.836
2.353
2.438
2.425
3.287
2.723
2.381
3.884
2.596
2.388
3.604
2.392
2.439
2.498
2.419
2.432
2.363
5.007
2.573
2.617
2.525
2.757
2.514
2.867
3.414
3.423
2.43
2.886
2.404
2.578
2.478
2.516
2.589
2.55
2.758
2.484
2.447
2.689
2.826
2.568
2.608
2.53
3.297
2.438
11.143
2.419
2.528
3.791
2.67
2.951
3.292
3.442
2.832
2.487
2.67
3.011
2.669
2.585
2.596
3.974
2.518
2.666
2.64
2.762
2.563
3.951
2.639
4.208
3.336
2.636
2.76
2.735
2.689
2.652
3.791
2.476
2.683
2.675
3.082
3.466
2.99
19.879
2.647
2.631
2.699
2.949
4.194
8.229
2.612
2.618
3.69
2.677
3.071
3.18
4.182
2.693
3.563
2.794
2.568
2.674
2.826
3.565
2.659
2.784
3.91
2.987
2.765
2.653
2.697
2.697
2.801
3.568
9.262
2.766
2.64
2.747
2.977
2.774
4.322
2.7
2.856
2.669
2.723
4.187
2.731
3.741
2.867
4.118
4.447
2.759
2.772
3.256
4.378
2.92
3.217
3.01
3.308
2.715
3.145
5.756
2.809
2.978
2.779
4.237
2.738
4.6
2.907
3.005
2.669
3.145
23.641
4.268
3.587
3.309
2.878
2.829
2.822
4.109
4.554
2.863
2.842
3.706
4.533
2.919
2.745
3.697
3.765
4.758
3.615
2.849
3.028
2.876
3.058
3.46
3.467
3.611
3.186
2.953
2.924
3.399
3.165
2.859
4.451
2.918
2.845
2.939
2.878
2.971
5.273
2.958
3.96
2.96
2.918
2.825
2.986
2.833
3.905
3.483
2.968
2.892
4.561
8.276
3.115
2.94
2.968
2.949
3.228
3.016
3.128
3.652
4.5
3.245
7.663
3.05
3.046
3.07
84.217
4.633
3.079
3.466
20.74
4.27
2.72
4.736
4.506
3.21
2.691
3.124
4.818
2.678
4.639
3.165
3.393
3.644
3.531
3.369
3.12
4.11
2.655
4.516
3.284
3.116
3.033
2.791
3.943
4.063
5.692
2.847
2.926
3.112
3.698
4.437
3.325
6.609
3.177
4.584
4.432
4.819
3.022
2.76
4.392
3.094
3.587
3.069
4.7
3.468
2.893
69.873
3.151
3.658
3.016
3.338
15.127
4.182
6.096
5.855
2.757
6.691
3.205
4.79
3.265
3.524
4.846
3.593
3.517
4.283
3.001
4.088
11.321
5.432
3.681
3.258
11.413
2.943
4.357
3.71
3.32
3.279
3.587
5.847
3.367
4.524
5.121
2.987
3.384
3.313
3.546
3.074
92.286
3.823
3.152
3.577
4.117
5.751
3.381
3.439
2.991
4.475
3.39
4.533
4.524
3.384
3.724
2.974
4.146
5.938
4.509
3.948
2.856
8.034
2.934
72.762
3.112
5.103
8.025
3.7
4.344
3.268
3.015
3.715
3.819
3.115
3.326
3.432
4.068
2.96
4.097
4.922
5.728
3.868
9.923
3.538
3.399
4.057
8.335
3.612
3.478
12.056
3.101
3.38
7.279
19.655
3.175
3.8
8.401
3.064
3.937
4.436
3.692
3.836
6.357
5.396
4.021
5.093
4.606
3.398
3.821
4.171
3.862
4.3
3.434
6.544
5.364
3.696
5.851
3.182
3.225
4.367
4.245
10.262
4.153
45.963
3.685
8.836
3.504
3.239
4.065
3.919
4.266
3.037
3.603
8.425
3.875
4.673
4.213
3.409
4.075
4.006
3.541
3.311
3.709
7.213
4.061
3.376
43.758
3.736
4.322
3.703
5.054
4.292
3.859
110.346
6.452
3.851
4.831
10.489
88.146
3.2
4.956
3.79
3.242
3.987
4.183
3.343
3.382
4.68
3.782
3.653
4.132
3.424
3.825
4.381
4.291
4.014
124.707
7.19
3.327
4.147
3.285
4.273
3.407
3.713
5.545
6.369
25.615
4.078
3.979
9.016
3.83
4.959
15.367
3.69
5.493
4.704
18.872
3.911
4.929
4.483
5.028
3.375
3.743
5.076
5.025
3.463
3.946
4.701
7.406
3.542
170.747
4.858
4.841
4.798
5.376
18.058
3.893
3.696
4.341
44.89
4.197
20.459
63.995
3.727
4.837
4.864
3.999
4.195
4.031
5.485
4.604
43.35
71.953
3.927
3.552
4.544
3.986
4.157
62.872
3.613
3.938
5.64
3.522
3.867
4.815
4.422
4.124
3.919
4.123
3.568
4.448
3.768
4.604
4.582
10.913
7.811
7.573
9.286
4.066
4.652
5.206
3.59
4.13
6.538
4.092
4.228
3.659
4.642
4.959
4.133
3.641
5.335
4.222
4.254
4.375
5.528
51.582
4.275
5.6
5.929
4.848
5.419
3.984
48.876
4.454
3.652
4.736
5.144
3.82
4.805
4.249
4.494
24.516
4.571
4.227
15.987
51.352
14.978
6.286
4.704
5.508
4.094
3.91
12.118
4.561
4.715
4.927
33.466
3.94
5.97
34.317
4.478
5.731
4.174
45.883
5.764
7.905
4.238
4.702
4.603
88.393
6.143
6.499
4.844
46.59
70.082
4.852
6.64
4.145
4.786
4.292
38.094
3.836
22.157
55.473
5.676
5.133
3.92
4.406
4.218
4.087
6.959
4.949
4.883
6.113
5.556
3.984
4.807
10.373
3.775
4.703
5.035
5.394
5.403
4.454
6.369
4.024
4.223
5.192
99.153
4.574
4.318
4.69
4.639
4.633
4.416
4.858
4.191
5.217
4.057
4.895
4.483
5.276
4.497
4.433
16.756
164.832
99.79
5.396
4.359
4.445
4.464
6.687
4.83
4.652
4.345
5.225
5.018
23.61
5.085
4.481
4.121
5.078
4.97
4.016
3.833
4.538
57.156
4.462
4.732
4.568
4.314
5.06
4.083
6.442
5.574
5.455
4.005
62.905
4.496
6.043
4.029
7.806
4.865
4.335
4.402
4.951
7.022
4.95
4.084
6.167
4.613
5.149
8.869
4.305
5.391
5.185
4.663
37.186
14.241
4.39
4.897
4.328
68.251
4.872
4.484
7.891
8.108
5.271
4.582
5.185
4.228
4.614
5.137
14.495
4.692
4.242
10.297
10.846
5.979
4.137
4.708
4.372
4.54
4.698
4.245
5.067
4.685
6.091
4.901
4.438
6.218
5.74
4.242
4.574
4.736
5.284
6.184
5.47
5.399
32.511
4.99
4.814
3.911
3.794
5.848
5.043
11.277
5.587
4.134
4.207
5.102
4.787
26.031
4.052
25.823
56.605
4.405
4.519
5.15
7.82
4.913
7.939
10.022
5.135
5.243
5.168
6.329
4.218
4.553
80.147
5.446
4.252
4.977
5.687
4.962
3.757
5.303
4.486
5.762
4.64
5.456
5.991
4.376
5.432
4.744
4.852
57.907
4.049
5.237
5.268
53.798
7.292
181.87
5.705
4.955
4.098
5.821
5.75
6.153
4.435
8.078
4.458
6.185
5.898
4.824
4.676
5.2
7.109
5.079
4.788
11.055
4.877
5.685
5.431
5.503
6.064
5.053
6.337
90.93
5.293
5.576
56.152
4.44
5.298
4.736
5.49
35.867
8.241
4.487
5.965
4.925
4.745
5.099
8.053
5.2
12.629
5.241
4.809
7.022
11.436
4.967
6.631
7.975
4.396
4.755
53.037
5.043
4.777
6.173
4.74
6.824
4.831
49.711
5.37
5.326
5.618
7.967
6.445
9.472
4.439
4.343
4.812
5.717
5.443
4.452
5.587
4.377
6.846
5.077
4.946
8.264
6.037
7.37
5.057
4.672
4.72
4.781
6.544
5.154
4.687
6.121
5.04
4.834
4.632
4.848
4.433
4.514
4.662
5.498
5.703
4.784
4.558
4.477
4.943
6.203
5.131
5.094
4.977
83.327
4.546
5.109
5.281
4.61
123.075
4.833
6.508
4.819
5.272
60.72
4.615
5.316
5.191
5.294
5.569
4.782
4.891
52.138
5.326
5.142
5.266
5.734
56.472
4.759
5.821
5.098
5.153
5.88
5.145
4.814
4.632
5.143
6.118
5.713
4.837
5.217
4.77
4.922
5.236
4.741
4.397
10.461
5.257
7.318
5.991
4.887
9.086
5.225
28.236
6.023
6.568
5.307
4.925
5.205
98.387
7.069
25.386
8.31
5.329
5.239
68.324
4.583
9.36
4.767
4.728
5.391
5.581
5.433
5.354
17.478
5.264
5.123
4.961
4.676
5.23
5.046
4.853
5.478
4.934
4.497
117.168
6.382
5.301
5.293
71.418
5.035
5.936
4.759
29.183
5.347
5.489
6.137
52.687
5.259
5.192
6.132
11.454
4.775
4.587
5.978
4.384
5.12
36.879
5.355
6.473
5.091
5.483
7.499
94.949
5.736
64.306
8.304
7.739
4.553
6.581
5.835
5.08
5.072
6.641
5.524
8.498
11.658
5.439
5.702
124.732
4.649
5.537
5.22
4.574
12.64
5.621
5.523
8.76
5.529
68.618
28.969
4.84
4.686
5.873
5.14
5.104
6.671
5.498
7.058
9.23
5.239
39.663
8.867
5.95
32.804
6.867
6.705
4.958
7.526
13.26
5.39
6.988
9.447
6.258
6.401
5.561
7.137
5.302
9.583
5.634
4.734
7.92
5.646
8.596
33.993
5.094
6.903
5.343
32.514
6.205
76.606
5.295
50.325
5.614
5.833
6.604
10.758
6.507
61.442
5.442
9.132
68.577
37.909
5.48
5.557
7.001
5.179
6.066
7.577
5.801
5.459
5.732
5.704
5.352
5.782
6.215
7.764
6.024
7.37
7.639
6.034
6.021
7.573
28.635
4.948
6.936
5.797
5.615
5.523
5.846
5.287
5.297
6.035
73.808
5.903
116.182
66.867
5.788
7.026
5.568
5.209
6.825
5.273
33.121
5.376
5.788
6.067
5.579
5.165
6.835
6.593
6.272
7.618
59.96
25.823
5.73
23.835
5.616
5.643
6.04
5.241
5.537
7.802
5.566
4.863
5.943
82.35
6.364
6.379
7.28
7.452
6.358
5.391
8.243
6.053
19.106
5.439
5.303
6.366
5.95
6.462
5.981
7.919
6.271
6.43
8.444
7.114
7.075
6.235
7.063
6.22
5.535
6.084
5.865
5.496
5.795
5.882
71.586
6.937
5.907
6.218
6.987
6.675
5.95
5.742
6.705
6.577
32.031
5.522
7.291
5.489
6.311
8.034
5.799
5.895
7.948
6.752
7.592
6.066
6.776
6.267
7.721
8.648
12.535
74.445
5.62
5.473
5.686
5.72
14.517
6.16
76.16
5.208
6.172
7.023
57.883
5.915
5.406
31.095
6.076
5.979
5.704
6.812
5.845
7.29
5.386
8.732
5.736
6.441
6.707
6.944
6.981
5.319
6.091
5.455
102.64
6.226
5.65
6.66
5.981
9.135
6.176
6.081
6.367
6.565
5.892
6.33
31.08
6.589
5.623
26.671
8.094
5.01
6.66
7.152
59.203
6.261
5.387
64.045
7.926
6.483
5.607
101.375
8.542
6.793
6.523
5.691
8.081
6.378
5.567
7.105
6.815
78.955
7.326
5.26
63.038
50.399
6.577
6.895
5.994
5.472
7.177
6.319
6.351
7.38
5.974
6.149
63.942
7.674
6.385
7.267
9.787
6.862
10.196
7.256
7.436
28.028
5.798
17.217
9.115
6.325
7.362
5.905
6.156
5.147
5.949
6.83
6.508
7.703
44.786
5.474
5.701
38.532
8.138
6.109
6.576
5.459
5.853
6.328
7.353
7.233
7.278
6.715
9.624
4.924
6.165
118.931
6.086
5.04
6.49
7.595
7.061
10.471
6.634
7.666
6.308
6.761
35.769
5.791
5.848
5.93
5.12
6.758
12.256
152.824
10.655
6.145
6.679
6.524
6.328
6.032
6.178
5.289
6.171
6.451
6.327
5.943
7.018
77.791
8.968
9.657
5.432
7.096
6.213
6.897
5.064
9.489
12.831
5.87
10.815
132.595
6.211
6.523
6.835
9.561
7.821
7.004
87.837
8.021
85.744
5.558
6.147
45.846
81.483
5.977
7.647
6.576
6.655
6.689
136.826
12.296
6.951
7.203
6.883
6.633
5.673
31.839
6.803
5.758
6.582
5.753
5.926
6.93
268.182
6.908
247.154
6.544
21.918
7.541
6.521
6.481
7.637
6.652
6.78
7.322
6.024
6.115
19.576
9.616
7.296
79.749
7.066
62.343
5.992
6.905
6.581
104.893
5.843
7.999
5.884
7.124
6.612
6.174
6.451
6.386
6.637
6.459
7.479
6.783
7.184
6.448
7.076
6.201
128.304
6.681
6.01
6.73
6.661
7.14
13.273
6.797
117.582
6.599
82.595
21.145
7.331
5.847
7.165
6.149
5.944
5.863
5.916
11.445
6.994
7.294
76.943
8.38
6.478
6.509
7.706
6.726
5.62
52.991
6.633
5.364
6.706
8.852
50.136
6.427
9.437
6.844
56.077
5.853
6.728
6.135
6.777
7.124
9.942
9.301
7.296
7.236
21.195
8.451
84.234
17.605
7.92
6.749
6.414
6.744
6.221
6.997
17.392
6.44
5.771
6.749
10.124
8.754
5.562
11.221
7.135
9.918
6.771
5.58
6.53
5.513
6.715
6.495
6.086
6.425
7.052
24.556
60.348
6.269
51.101
70.252
6.085
6.733
13.054
6.969
5.743
8.68
49.223
6.875
8.218
7.221
7.24
52.606
5.798
5.715
5.839
6.96
10.037
6.61
8.004
7.087
6.199
79.482
6.635
64.278
8.206
6.239
11.433
7.23
12.652
6.921
5.881
7.007
6.928
7.282
104.111
14.514
5.382
7.298
6.534
67.618
6.452
7.035
14.379
6.46
8.341
38.163
35.01
5.946
7.59
144.151
6.402
5.939
41.54
13.576
10.401
9.375
6.333
35.898
6.743
6.525
8.634
6.383
6.105
6.471
58.171
9.504
8.402
27.895
10.524
100.029
6.355
6.449
7.58
6.79
49.319
8.209
14.198
7.534
26.088
6.924
7.63
6.68
69.723
6.16
76.182
118.308
6.536
9.557
7.249
8.459
6.493
7.049
6.42
5.834
5.94
10.825
6.678
8.529
8.475
76.763
6.605
7.51
7.634
7.745
6.558
6.053
53.73
7.346
7.28
7.904
5.99
6.77
32.254
6.413
6.36
7.978
58.496
6.486
8.818
11.014
9.727
7.113
5.983
7.129
6.529
120.97
6.563
9.008
8.557
8.373
92.055
7.287
6.687
6.091
6.142
61.432
64.748
6.322
24.06
6.899
6.117
6.643
48.45
7.388
6.691
52.106
7.898
10.099
13.032
6.801
32.239
11.636
71.743
7.424
7.042
32.896
96.546
79.912
8.115
7.277
6.158
6.795
6.683
7.888
8.326
8.857
6.489
7.05
8.379
6.486
63.84
49.501
12.784
6.898
73.777
7.05
7.19
7.414
6.893
8.154
6.847
107.367
81.13
41.361
7.791
7.451
6.833
6.691
6.622
7.19
7.612
6.968
6.47
8.518
102.703
7.311
8.934
7.515
88.192
7.783
7.925
43.255
11.05
6.622
7.069
7.299
12.275
7.333
10.472
7.523
10.369
63.335
9.443
6.762
6.818
36.296
7.858
7.322
7.53
7.171
76.48
51.652
7.436
71.051
7.527
7.219
40.925
11.635
7.728
7.616
41.965
7.429
11.036
34.023
53.12
46.358
19.869
29.057
7.707
6.677
8.009
7.08
7.304
7.346
25.185
7.277
7.318
31.652
7.324
6.633
112.465
59.29
104.778
61.104
78.863
7.503
7.105
68.14
7.181
9.852
6.351
7.634
7.683
65.291
8.08
51.557
9.659
73.654
26.076
7.37
85.315
33.458
91.529
85.785
6.792
47.386
10.965
7.655
28.411
10.201
7.743
32.534
6.324
12.698
57.655
48.685
11.804
134.711
94.386
31.573
7.573
7.78
50.231
74.67
9.612
7.381
65.496
61.463
12.116
7.572
54.447
6.319
76.072
98.204
116.661
9.489
7.944
8.112
8.389
6.666
6.402
85.708
7.491
7.385
40.688
8.28
7.224
9.66
12.389
76.123
7.084
7.464
78.895
68.699
7.326
60.329
46.351
56.824
11.284
8.103
59.288
7.042
9.013
33.709
6.477
7.171
6.801
8.207
9.652
8.907
7.134
7.632
65.824
24.657
83.596
9.127
6.719
10.525
93.193
73.544
43.081
71.241
8.687
7.66
7.04
62.334
19.169
7.776
7.753
8.185
7.139
8.083
8.533
8.601
10.371
7.714
40.052
24.213
7.565
8.946
8.714
7.238
59.378
7.806
8.243
7.782
72.098
27.942
7.63
9.683
6.524
83.743
6.922
45.129
58.347
61.177
8.345
60.767
7.859
80.956
7.916
56.14
74.363
72.355
10.4
105.045
48.327
17.499
42.9
6.869
67.069
64.233
18.455
7.837
8.345
8.954
71.862
8.216
44.342
8.633
7.354
7.937
6.959
30.409
65.681
12.508
6.891
151.783
55.736
82.999
100.064
7.581
41.176
14.492
7.113
16.22
8.724
98.51
8.431
7.74
6.937
22.784
137.614
10.434
83.116
52.545
9.685
7.926
91.23
8.599
61.364
9.355
9.207
127.86
85.71
61.704
95.413
59.545
134.332
8.988
10.986
117.566
60.283
8.961
74.398
8.593
66.379
9.45
7.806
7.135
41.888
11.086
70.507
10.452
7.952
8.022
7.364
80.926
7.574
15.095
14.863
7.542
8.416
79.308
92.5
13.144
9.394
72.318
77.053
62.351
7.758
8.207
79.959
19.208
58.008
45.95
29.678
8.699
39.168
67.998
58.47
8.494
50.344
7.813
8.152
7.964
8.071
9.945
9.703
49.586
62.175
61.963
134.751
7.928
8.363
28.629
86.781
9.467
7.036
27.239
70.12
51.333
8.245
7.353
143.729
8.013
8.827
8.04
8.154
7.391
35.56
16.249
21.248
76.0
7.763
7.822
8.993
47.539
8.737
10.122
8.797
11.541
43.769
11.053
11.38
47.028
9.639
8.125
13.15
101.045
8.603
7.319
41.317
55.823
7.701
46.711
10.872
39.641
36.734
7.932
8.209
8.691
76.734
30.734
76.03
8.883
69.977
8.236
80.102
13.354
7.148
69.141
52.974
40.438
13.716
7.36
8.138
7.777
30.296
7.923
7.615
92.698
25.758
51.727
24.935
8.478
8.976
8.135
65.176
9.978
8.114
8.387
45.993
8.501
56.464
7.372
70.181
180.408
10.723
7.84
38.854
50.199
7.51
70.116
138.73
8.581
60.846
7.717
8.041
125.142
12.048
95.148
8.19
8.98
46.481
7.206
50.868
8.423
8.402
37.632
39.105
10.461
54.295
11.22
7.952
75.479
30.351
12.718
32.225
7.722
8.755
65.46
105.867
67.365
40.413
53.764
8.7
38.102
10.049
10.94
37.977
35.441
8.371
132.007
69.475
108.843
8.455
122.468
93.479
7.84
9.63
40.216
45.25
10.471
7.878
7.58
112.733
8.248
35.077
8.827
8.844
39.217
12.624
19.697
8.685
9.436
9.511
8.105
74.709
9.278
36.491
59.189
8.191
66.56
10.704
29.777
53.487
60.47
9.229
88.65
7.356
77.007
8.189
8.444
41.993
14.171
63.401
74.127
9.518
72.9
13.94
9.691
8.717
8.944
8.619
31.949
7.264
87.47
94.974
53.445
7.831
11.069
48.73
88.047
57.289
77.237
118.394
63.168
9.31
9.025
8.018
15.578
8.525
35.341
13.93
56.745
9.277
10.174
23.78
88.603
59.743
8.359
7.917
71.384
112.243
10.482
9.686
8.976
79.943
12.232
9.737
93.212
76.696
100.28
15.098
50.159
53.632
8.872
49.537
78.355
8.048
8.484
8.505
154.135
9.11
66.14
46.74
31.4
46.155
8.575
8.985
186.588
8.072
8.214
8.373
68.083
8.949
105.308
107.704
77.156
57.857
9.652
79.32
61.289
37.958
8.256
8.363
32.99
8.019
10.279
8.195
53.131
8.117
8.183
8.191
8.737
49.208
8.47
80.176
8.704
9.021
66.449
36.902
61.129
32.16
93.68
27.594
46.414
117.67
108.721
8.585
31.435
11.534
8.678
13.857
30.402
79.131
93.724
7.978
87.036
10.337
10.976
18.264
8.697
67.427
8.106
71.885
8.104
172.839
7.829
139.776
70.582
82.061
77.04
39.276
8.437
9.003
9.205
38.878
49.601
72.469
8.132
7.841
80.242
8.361
9.285
61.237
115.161
57.609
40.839
8.05
58.198
10.062
10.481
41.964
34.604
8.961
8.158
28.669
45.036
103.628
92.005
9.569
48.477
76.531
65.901
7.495
52.788
12.868
20.376
7.505
16.077
7.388
28.721
33.228
184.725
56.83
8.857
38.35
89.576
9.687
73.762
8.374
108.524
8.277
53.893
69.832
57.294
77.512
32.277
61.669
38.93
61.737
9.428
8.44
39.085
29.947
8.498
8.393
159.618
19.026
95.684
11.476
53.86
43.548
10.02
9.221
33.598
8.995
100.382
37.088
8.36
74.351
29.791
10.467
14.168
9.523
8.117
7.68
9.665
72.128
7.44
64.113
205.875
104.258
10.947
8.696
50.525
8.991
9.005
72.795
42.971
62.51
8.993
76.663
22.488
8.546
70.75
111.403
16.838
18.949
115.202
9.269
71.113
86.072
9.267
53.788
9.364
51.907
12.014
8.405
97.356
173.649
94.79
119.518
64.825
9.083
124.648
192.738
8.767
71.15
58.456
9.37
53.533
20.541
8.746
15.625
125.521
8.826
58.654
7.696
9.705
8.817
29.212
10.863
9.168
43.587
9.296
8.504
27.575
100.412
107.651
166.557
131.277
9.817
82.633
9.492
12.069
67.35
80.988
67.74
53.032
10.724
10.689
8.732
9.421
9.472
8.72
9.076
26.94
105.516
55.326
8.883
26.506
87.402
75.161
69.03
18.848
110.015
72.264
8.209
10.859
8.387
9.405
20.582
49.008
43.747
81.186
39.19
9.624
152.043
100.261
9.784
13.096
53.171
178.198
9.684
81.601
50.773
145.131
11.078
89.144
60.485
11.067
8.965
9.571
11.625
9.812
129.701
10.224
125.224
9.381
9.856
8.834
121.49
8.858
8.987
10.56
9.667
8.806
51.344
9.255
29.721
8.725
45.902
9.752
59.517
26.843
76.779
8.902
10.775
109.856
8.854
92.907
11.405
80.459
8.846
70.206
9.875
66.637
8.695
10.077
59.971
55.343
9.716
75.684
132.864
9.019
11.489
9.27
110.576
16.625
13.783
75.329
10.134
9.048
132.23
8.448
41.396
9.823
66.408
9.351
10.42
8.799
8.649
9.272
85.319
8.803
75.31
97.939
35.668
9.529
31.002
8.987
94.084
71.414
61.33
16.959
12.756
9.585
99.063
8.912
68.753
9.638
27.417
138.011
8.383
11.086
85.378
65.493
9.12
77.92
9.494
9.745
8.881
9.9
81.38
10.01
77.19
74.014
61.037
118.43
10.988
9.699
84.136
12.265
73.554
94.13
8.37
9.346
9.766
72.519
8.312
9.588
52.815
9.886
45.408
9.444
36.937
8.761
9.777
14.419
9.182
10.127
9.201
65.423
62.183
9.41
12.704
14.152
9.433
50.563
73.709
9.518
9.896
57.34
9.326
9.451
79.656
63.157
47.108
119.909
9.727
9.429
12.076
9.163
9.276
93.179
109.949
55.705
124.659
9.094
48.659
155.744
13.981
9.056
11.66
10.128
197.085
9.706
98.546
9.688
193.336
27.982
92.996
13.461
55.718
14.513
9.797
11.075
10.037
37.39
74.522
46.298
8.449
64.2
9.593
13.003
10.132
10.18
35.149
69.325
125.11
15.913
9.2
129.578
9.301
8.714
83.725
56.926
37.022
8.946
8.175
8.613
45.324
45.894
104.164
131.715
8.657
58.325
70.31
60.877
10.592
11.793
9.534
8.489
8.458
15.789
90.823
10.925
9.03
10.028
10.769
21.416
11.144
89.371
9.36
10.103
59.929
49.777
198.001
9.333
9.604
9.46
53.23
9.613
9.766
9.435
11.638
8.885
9.692
9.229
9.354
11.376
8.934
9.623
9.901
11.849
8.947
11.86
9.949
8.817
11.614
14.678
10.481
73.23
9.691
12.534
9.42
12.092
9.335
9.661
19.525
9.736
54.784
9.671
10.046
19.11
54.195
10.891
8.624
126.562
8.874
88.908
10.4
75.708
10.498
9.87
69.139
45.338
10.153
139.294
115.486
109.227
9.681
9.138
100.78
61.579
10.257
10.011
144.402
13.189
123.669
8.996
9.021
9.463
9.621
130.719
9.621
24.074
10.563
9.47
9.624
11.017
10.662
9.128
124.655
132.817
154.793
10.735
9.268
10.227
10.061
9.68
94.692
9.12
14.475
13.588
64.198
9.958
10.666
8.874
122.324
80.472
9.689
74.499
9.845
183.778
67.083
9.45
9.949
9.171
9.493
48.409
8.684
10.023
46.511
10.001
10.191
8.904
10.187
11.702
9.273
36.207
80.159
10.069
11.056
12.585
9.883
9.966
12.012
9.638
9.148
90.111
12.687
77.045
11.785
44.935
8.967
131.749
9.112
128.216
31.58
92.74
62.47
10.658
9.0
9.603
175.122
9.681
12.938
9.67
9.963
9.241
9.419
87.375
16.306
193.088
17.102
9.612
11.524
167.731
80.893
10.016
76.619
93.627
78.901
10.931
15.989
11.89
21.04
118.232
104.78
10.294
10.201
9.922
67.256
9.129
130.956
129.467
77.868
160.643
9.663
74.719
46.129
21.749
28.834
9.679
10.506
9.623
9.136
149.814
10.78
10.363
136.416
10.591
12.795
9.991
10.333
64.208
10.783
19.784
8.685
45.992
9.06
131.071
10.66
9.628
10.379
68.526
9.183
10.239
11.661
95.036
70.471
9.866
131.068
10.145
129.902
12.146
10.966
59.439
12.862
10.53
11.705
61.391
10.98
11.267
9.348
10.756
9.854
10.707
11.999
10.266
9.815
41.35
10.833
48.059
10.102
12.197
160.012
10.71
143.841
11.349
9.566
9.41
78.755
47.268
9.896
10.834
9.999
197.871
93.294
51.416
9.32
9.759
10.385
9.218
9.864
53.486
52.961
48.434
9.651
9.566
26.496
10.762
10.398
9.725
11.571
12.774
12.207
9.938
10.373
9.876
82.717
10.031
9.976
10.5
14.357
128.794
14.544
13.119
11.981
123.375
10.624
126.007
9.691
12.144
10.95
61.93
10.205
10.34
10.192
12.742
17.584
14.663
9.637
124.565
13.437
13.399
76.904
9.653
193.712
108.262
10.944
77.785
70.487
123.414
9.18
13.663
84.846
10.516
12.675
10.741
9.446
10.028
10.932
11.64
16.752
12.696
14.572
10.69
10.017
11.659
57.683
75.782
17.109
11.09
10.104
11.095
99.312
10.139
13.615
10.843
98.814
155.67
126.043
102.632
29.533
12.27
17.102
140.247
11.005
10.635
9.985
133.878
12.114
12.668
56.25
208.2
130.288
9.895
10.944
66.033
116.759
154.567
11.643
17.379
10.022
11.849
91.997
11.298
91.053
10.601
10.508
10.554
18.381
9.775
11.524
129.555
11.413
103.711
11.066
57.8
10.957
97.623
11.717
10.315
10.709
10.798
9.133
52.012
9.241
9.761
11.623
119.235
10.818
57.902
10.907
68.644
102.371
9.938
10.879
10.833
9.284
10.757
161.183
10.607
10.824
10.149
10.665
13.924
94.935
37.913
10.5
10.344
152.077
10.253
11.811
58.215
10.678
10.907
11.506
11.782
75.372
68.301
9.949
11.798
45.668
11.783
11.831
181.462
9.774
55.291
13.157
10.512
15.133
10.807
81.677
133.219
10.384
113.383
10.156
75.387
84.067
50.352
10.629
13.998
9.631
29.61
11.152
10.624
10.814
94.514
9.702
14.988
57.736
71.505
11.522
10.859
10.313
97.299
10.11
11.559
90.507
13.703
10.905
11.74
10.479
127.234
10.501
33.776
62.298
92.874
11.586
10.767
10.58
165.329
10.937
120.471
131.812
54.932
117.818
12.679
10.806
84.51
11.193
52.505
128.424
10.991
11.074
11.92
33.19
75.334
86.53
15.9
69.985
22.697
10.062
14.88
10.235
13.897
131.025
16.34
165.168
67.531
227.699
14.35
125.915
13.837
11.65
98.662
12.534
40.733
11.238
10.917
12.39
62.313
10.284
15.234
10.147
128.281
151.049
50.748
10.528
11.635
126.848
62.057
10.122
11.399
9.929
12.411
10.919
10.336
10.308
11.493
11.176
10.213
10.54
72.704
11.122
88.336
10.979
11.204
18.715
11.475
78.856
70.419
110.269
9.943
55.246
10.961
12.323
11.567
10.55
54.653
17.954
13.334
11.19
10.541
18.113
11.841
76.55
11.204
10.912
10.859
11.348
10.76
89.967
9.903
13.113
148.276
11.571
28.853
77.966
58.598
12.443
98.94
130.145
11.499
67.699
25.769
12.092
15.647
11.252
79.533
10.401
65.33
11.775
10.361
11.166
10.722
12.306
151.201
10.96
11.414
11.09
11.192
10.099
13.839
158.963
10.029
14.745
11.13
74.414
10.922
199.296
17.549
100.201
10.495
15.089
141.689
11.451
12.232
137.915
11.998
141.115
139.734
13.741
44.232
13.09
10.589
10.354
11.233
11.095
120.643
25.624
98.692
184.673
123.653
11.613
73.962
11.357
88.533
11.094
11.532
89.502
10.268
93.207
11.363
105.016
13.947
11.524
26.111
107.213
12.48
11.68
18.957
107.65
10.428
12.514
10.465
177.555
108.402
12.655
11.662
140.28
91.254
151.659
12.673
175.381
10.655
16.872
12.726
12.09
10.273
15.784
11.551
79.943
76.009
18.147
72.763
11.134
12.601
11.21
10.856
169.575
89.781
11.413
9.946
12.704
10.959
85.236
10.691
23.428
92.325
12.804
102.553
12.496
84.431
13.906
28.833
82.765
93.348
39.447
10.99
35.561
11.514
53.058
119.808
11.546
26.188
66.007
12.328
15.449
13.965
10.636
66.565
11.192
60.187
11.276
37.581
14.5
15.531
10.645
10.326
12.07
10.782
81.893
14.734
178.734
11.215
10.55
98.839
205.589
59.349
131.803
10.874
54.023
10.895
12.193
36.959
10.583
98.054
11.213
11.175
10.81
11.15
14.282
68.931
11.057
11.202
103.844
11.956
30.49
129.868
10.334
10.977
216.067
123.919
168.032
11.346
11.49
67.636
15.832
172.65
11.153
12.136
97.549
11.276
17.007
88.303
84.008
11.632
11.519
86.209
12.907
174.863
10.803
15.367
11.828
90.052
2.984
2.079
2.651
2.216
7.616
2.37
2.091
3.893
2.172
2.417
2.202
2.105
2.302
2.175
3.695
2.144
2.157
2.385
5.187
3.764
2.13
2.73
2.149
2.154
2.286
2.216
3.509
3.132
2.588
2.118
2.049
2.152
2.835
2.056
2.122
2.532
2.053
2.088
2.142
2.036
2.247
2.242
3.355
2.092
2.6
2.099
2.128
2.129
2.097
2.48
2.7
2.168
2.257
2.315
3.555
2.173
2.147
2.918
2.086
3.047
2.068
2.033
2.035
2.035
2.167
2.428
2.101
4.314
2.154
2.116
2.302
2.199
2.11
2.342
2.214
3.56
2.082
2.063
2.545
2.087
2.244
2.224
2.092
2.548
2.085
2.212
2.76
3.847
3.439
2.052
2.721
2.044
2.196
2.181
2.847
3.119
2.247
2.148
2.115
2.427
2.221
2.276
2.186
2.246
3.923
2.412
2.11
2.729
2.211
3.136
2.154
2.103
2.12
2.1
2.124
2.138
2.062
2.626
2.233
2.033
2.746
2.052
2.174
2.067
2.036
2.273
2.068
2.146
2.329
2.154
3.06
2.328
2.658
2.154
2.203
1.985
2.873
2.209
2.251
2.096
2.16
3.003
2.131
2.071
2.197
2.118
2.747
3.135
2.124
2.911
2.175
2.211
2.589
2.446
2.21
3.749
2.124
3.182
2.176
2.093
2.158
3.863
4.641
2.774
2.23
2.034
2.096
2.086
3.268
2.194
2.158
2.203
2.892
2.183
2.681
3.534
2.083
2.338
2.847
2.922
2.922
2.143
3.182
2.194
2.435
2.065
2.997
2.935
2.148
2.298
2.135
2.106
2.433
2.127
2.059
2.324
2.048
2.057
2.148
2.24
2.239
2.164
3.315
4.499
2.163
2.404
2.25
3.277
2.21
2.134
3.747
2.234
2.062
3.943
2.028
4.424
2.449
2.08
2.109
2.151
2.171
2.463
3.585
3.84
2.173
2.274
2.179
2.291
2.108
2.274
2.858
2.111
2.106
2.898
2.118
3.002
2.031
2.376
2.079
2.032
2.742
2.344
2.151
7.502
2.101
2.116
2.911
3.465
2.13
2.745
7.065
2.386
5.007
2.191
3.096
2.094
2.1
2.809
2.233
2.113
2.496
2.181
2.231
4.301
3.698
6.964
2.12
2.144
4.54
2.309
2.107
2.209
2.101
2.596
3.026
2.197
3.162
24.204
2.571
2.309
3.811
2.756
2.48
2.785
2.09
2.381
3.346
2.181
3.153
2.116
2.084
3.464
2.049
2.713
2.46
7.98
2.456
2.349
2.165
2.224
3.026
2.209
5.694
2.189
3.2
2.371
3.049
2.12
3.06
2.581
2.498
2.542
2.035
2.889
2.106
2.306
3.468
2.602
2.506
2.797
2.051
2.343
2.192
2.917
3.095
3.076
2.114
2.453
2.209
2.312
2.283
3.565
2.297
2.144
2.165
2.23
2.25
2.179
2.054
2.081
2.819
2.139
2.297
2.958
3.563
2.179
3.417
2.215
2.29
2.132
2.709
6.407
3.68
2.248
2.151
2.186
2.438
2.34
3.433
3.123
2.24
2.32
2.124
2.255
2.083
2.093
3.152
2.124
2.103
2.473
2.164
2.531
2.392
2.053
3.306
2.212
3.009
2.569
2.176
3.174
2.141
4.617
2.108
2.814
2.153
2.17
4.101
2.691
2.121
2.129
2.164
2.272
2.087
2.949
2.818
2.183
2.149
2.098
2.288
2.857
2.159
3.054
2.681
2.432
3.04
2.375
2.316
2.345
2.217
12.058
2.226
3.449
2.941
2.028
2.783
2.25
2.146
2.23
2.145
2.322
3.864
2.213
4.805
2.326
2.173
2.542
3.404
2.914
2.221
3.164
2.303
2.258
2.346
2.569
2.585
2.244
2.415
2.196
2.114
2.139
2.181
2.12
4.875
2.173
2.252
2.628
2.394
2.115
2.298
2.538
2.278
2.201
2.256
2.225
2.343
2.181
2.07
2.26
2.33
7.627
2.641
2.359
4.878
2.136
2.147
2.099
2.09
2.377
2.947
2.945
2.334
2.15
3.679
2.895
5.717
2.102
2.197
2.216
3.286
2.357
2.345
3.384
3.19
3.139
2.161
3.378
2.412
2.62
2.403
2.351
2.208
2.284
2.262
2.465
2.197
2.669
2.176
2.296
2.139
2.197
2.699
2.22
2.397
2.106
3.938
2.37
2.104
2.951
4.752
2.36
4.979
3.342
3.649
2.266
2.658
2.265
2.617
2.222
2.9
2.111
2.223
6.35
2.287
2.285
2.169
3.156
2.302
2.194
2.328
2.128
2.174
2.494
2.261
2.245
2.328
2.118
2.835
2.235
3.992
2.35
2.098
2.206
2.731
3.7
2.129
2.902
2.095
2.151
2.091
2.121
9.638
2.136
3.448
2.099
2.1
2.259
3.023
2.177
2.333
2.49
3.073
2.971
2.612
2.308
3.622
3.197
3.146
2.111
2.585
2.531
2.705
2.251
3.217
3.773
2.117
2.104
2.391
2.061
6.432
5.618
2.46
2.154
2.271
2.135
2.178
3.249
2.879
2.157
2.326
2.164
3.155
2.123
3.573
2.795
2.299
2.17
2.097
3.587
2.151
2.106
2.905
2.209
2.553
2.216
2.299
2.95
2.261
2.16
2.692
2.56
2.134
2.063
4.489
2.22
2.12
2.358
2.261
2.15
6.706
4.557
14.357
4.63
14.359
2.296
2.076
3.025
2.211
2.238
4.075
2.157
2.355
2.287
3.669
2.502
2.356
2.262
2.318
2.224
2.941
2.514
3.354
2.28
4.991
2.25
8.122
2.259
3.072
2.466
2.281
2.391
2.171
2.191
3.019
2.204
4.224
2.235
2.354
2.376
2.253
3.849
2.331
3.285
2.559
3.036
2.533
2.097
2.625
3.252
2.467
5.785
3.23
2.37
2.233
2.405
2.367
2.357
2.394
2.277
3.9
3.251
2.931
2.261
4.329
2.289
3.571
2.231
2.865
2.242
2.234
2.329
2.477
2.28
3.287
2.213
2.339
2.23
2.362
2.258
4.021
2.532
2.363
2.496
2.199
2.317
2.448
2.176
2.25
2.271
4.551
2.261
2.401
2.271
3.155
2.359
5.326
3.241
5.229
2.267
2.399
2.588
2.102
3.598
2.331
2.919
2.69
2.275
4.307
2.439
2.248
2.255
2.367
2.347
2.464
2.188
2.664
2.255
2.682
2.35
2.202
3.055
2.057
3.575
2.232
2.282
2.66
2.298
2.262
2.636
6.123
2.553
2.203
2.593
2.209
2.36
2.267
2.623
2.21
3.25
3.649
2.349
2.457
9.082
2.363
3.668
4.485
2.248
2.392
2.261
2.869
2.341
5.552
2.646
3.046
2.754
2.235
2.436
2.211
2.337
2.568
2.385
2.9
2.428
2.783
2.938
2.283
2.367
2.268
2.488
2.942
3.74
2.262
2.47
2.294
2.678
2.075
3.009
2.16
2.312
4.18
2.368
2.313
8.525
2.199
2.571
3.901
2.456
4.169
2.291
5.592
2.76
2.6
2.547
2.23
3.149
2.666
3.369
2.239
2.028
2.3
2.65
2.933
2.272
2.458
2.319
2.805
2.241
2.538
3.664
2.198
2.439
3.711
4.402
3.299
2.269
2.951
2.879
3.277
2.269
2.431
2.339
2.356
2.315
2.377
2.697
2.298
2.505
2.356
2.377
5.185
2.334
4.699
4.513
2.613
2.341
2.912
3.783
2.256
3.752
2.332
2.236
2.323
3.901
2.372
7.101
2.626
2.279
3.858
2.333
2.385
2.477
2.438
3.842
2.348
2.886
2.188
3.796
2.203
2.314
2.262
2.93
2.301
2.416
2.438
2.77
2.128
2.188
2.284
3.933
2.242
2.841
2.135
2.185
2.47
2.229
3.353
2.251
2.439
2.288
2.847
3.115
2.311
2.228
2.2
2.313
2.855
2.351
2.489
4.726
2.285
2.905
2.698
2.379
2.156
2.669
2.653
3.058
2.373
2.347
2.793
2.313
2.746
2.083
2.145
2.094
2.22
2.423
2.911
4.26
2.313
4.712
3.139
5.95
2.657
2.191
2.551
2.316
3.347
2.973
3.138
2.796
2.14
4.007
3.377
2.422
2.309
3.207
2.287
2.15
2.867
2.085
2.254
2.543
2.395
3.646
2.423
2.228
3.434
2.856
2.278
2.261
2.192
2.29
2.229
3.174
2.407
3.195
2.639
2.324
2.247
2.286
3.687
2.333
6.975
2.288
2.242
3.132
2.553
2.339
2.273
2.204
10.336
2.303
3.998
2.311
2.888
2.341
2.317
2.335
2.213
2.394
2.232
5.712
2.278
2.271
3.13
2.19
2.299
2.317
2.891
2.34
2.29
3.887
2.926
2.288
2.232
5.845
2.245
2.393
2.756
2.279
2.442
2.152
3.234
2.204
2.635
2.322
2.292
2.33
2.329
2.437
2.359
2.776
2.301
2.832
2.28
3.865
2.758
2.239
2.354
2.562
3.331
3.58
2.297
2.156
2.127
2.797
2.468
2.282
2.298
2.213
2.229
2.348
2.204
2.337
2.272
2.15
2.588
2.311
2.465
2.231
2.329
2.229
6.32
2.248
2.21
2.32
2.491
2.233
2.504
2.749
2.328
2.302
2.229
2.617
2.312
2.326
2.253
2.216
2.438
2.291
2.254
2.373
2.37
3.263
4.518
2.383
2.242
2.288
2.541
3.804
2.276
2.283
3.464
2.282
2.527
2.276
2.257
2.252
2.333
2.211
3.918
7.894
3.378
2.256
2.246
2.311
8.028
2.278
4.226
2.554
3.071
2.33
2.327
2.52
2.278
2.22
3.296
2.289
2.985
2.418
2.131
2.46
2.258
6.147
2.586
3.629
2.287
2.327
2.323
2.796
2.199
2.269
6.426
2.505
3.51
3.357
2.28
3.201
4.03
2.493
2.292
2.26
2.389
2.308
2.496
2.875
2.354
2.372
3.398
3.618
2.27
2.154
2.336
2.416
3.099
2.333
2.545
2.468
2.301
2.422
2.204
9.493
2.635
2.295
2.372
3.368
2.431
2.167
2.411
2.284
2.924
2.889
2.232
2.263
2.244
2.494
2.414
2.399
3.581
2.412
2.38
2.318
2.248
3.086
2.723
2.275
2.217
2.306
2.266
2.288
2.307
2.774
2.195
3.62
2.401
4.947
2.497
2.98
2.231
4.256
3.412
2.332
9.334
2.858
4.487
2.655
3.795
3.34
2.545
2.25
2.384
2.27
3.492
2.22
2.103
3.627
2.27
2.726
2.288
4.039
2.723
2.755
3.125
2.207
2.277
2.162
2.268
2.371
2.323
2.767
2.169
4.205
2.458
5.278
3.473
2.397
3.279
2.342
2.923
2.255
2.313
2.232
2.192
2.293
2.297
2.397
2.637
4.735
2.212
2.16
3.175
2.343
3.729
3.491
2.244
2.405
2.253
2.293
3.21
3.268
4.905
2.236
2.339
2.386
2.201
2.256
2.36
2.67
2.946
2.318
2.803
2.353
3.319
2.349
3.269
3.353
2.439
2.717
2.408
2.96
2.127
3.249
2.153
2.84
2.298
5.578
2.425
3.08
2.325
2.337
2.52
2.521
2.716
2.221
2.337
2.306
2.26
2.244
6.055
2.282
2.884
2.516
12.167
2.948
2.637
2.271
2.649
2.286
2.342
2.296
3.849
2.24
2.142
2.829
2.643
2.847
2.279
2.239
2.448
2.27
2.183
3.875
3.001
2.534
2.287
2.316
2.236
2.294
2.459
2.221
2.271
2.312
2.294
3.325
3.24
2.24
2.432
4.39
8.66
2.311
2.435
3.982
2.254
2.407
2.189
2.75
2.312
2.936
2.274
2.298
2.437
2.321
2.345
9.078
3.071
2.46
2.214
2.381
2.447
2.939
2.259
2.372
2.542
6.586
2.551
2.324
5.783
2.379
2.189
3.237
3.561
2.505
2.291
3.442
2.555
2.574
2.57
2.095
3.74
2.387
2.187
2.428
2.306
4.321
2.286
3.222
2.558
2.581
2.407
5.09
3.2
2.269
3.142
2.32
2.211
2.29
2.207
3.837
4.805
2.474
3.284
2.22
2.157
2.897
2.237
4.046
2.542
5.024
2.566
2.228
2.365
2.226
2.267
2.378
3.78
2.245
2.305
3.158
5.594
2.369
3.697
2.545
2.273
2.377
3.337
2.288
2.294
2.55
2.296
2.986
2.162
3.407
4.83
2.267
2.265
2.232
2.311
2.372
3.609
2.283
2.214
3.394
2.218
2.251
2.446
2.306
2.592
2.309
2.152
2.652
3.3
2.287
2.242
2.075
4.481
2.664
2.351
2.377
2.589
3.059
2.235
2.452
2.344
2.267
2.309
2.173
2.533
2.19
3.22
3.26
2.649
2.148
2.366
2.321
2.221
2.558
2.284
2.361
2.307
3.024
2.256
3.016
2.284
2.251
2.48
3.491
3.036
2.229
2.245
2.334
2.525
3.221
2.95
2.207
2.125
2.906
2.279
2.268
2.809
2.78
6.385
2.511
2.304
2.949
3.737
2.333
2.367
5.968
3.844
3.525
2.238
2.168
3.184
2.386
2.179
2.295
2.22
2.358
2.366
3.29
2.355
2.97
2.292
5.424
2.356
2.356
2.411
2.861
2.226
2.35
2.981
2.286
2.394
2.207
3.537
3.182
2.681
2.437
2.179
2.35
2.397
2.172
2.218
2.254
2.091
2.535
2.286
3.773
2.337
9.66
2.313
2.206
2.532
3.876
2.524
2.243
2.382
2.228
2.611
2.315
2.32
2.301
2.361
6.941
2.897
2.476
2.104
2.946
2.34
4.715
2.181
2.339
2.195
3.924
7.813
2.694
2.27
2.446
2.332
3.469
2.467
2.509
2.491
2.299
2.344
2.166
2.565
2.265
2.367
2.331
2.288
2.677
2.163
2.752
3.855
2.304
3.419
2.304
3.823
2.305
2.222
2.6
2.494
4.234
2.257
3.254
2.284
2.264
2.331
2.266
2.518
2.249
2.33
2.254
3.399
2.835
2.526
2.347
2.243
2.26
3.711
3.33
2.327
2.525
2.27
3.437
2.297
2.347
2.208
2.887
6.328
3.123
3.943
2.21
2.154
2.132
2.107
2.905
2.35
2.398
6.912
2.277
2.109
2.283
2.181
2.232
2.197
3.109
3.081
2.204
2.178
3.01
2.434
2.249
2.189
2.248
2.79
2.333
3.351
2.367
2.883
2.823
2.173
3.275
2.263
2.208
2.285
2.862
2.297
2.261
2.86
2.077
3.602
2.341
3.69
2.746
3.271
3.529
2.218
3.034
3.945
2.286
2.195
2.373
4.056
2.368
2.4
3.06
2.263
2.27
2.998
2.93
3.951
2.31
3.774
2.227
2.209
3.986
2.28
2.312
2.33
2.221
2.236
2.472
2.304
2.812
2.281
2.727
3.112
2.251
2.321
2.574
2.458
3.508
5.293
2.299
2.344
2.429
3.172
2.966
2.242
2.192
2.887
2.296
2.19
3.377
2.383
2.271
3.059
2.337
2.261
2.301
2.54
2.225
2.12
2.277
2.846
2.91
2.833
2.29
2.537
2.516
4.245
2.415
2.676
2.256
2.143
2.456
2.244
2.203
2.272
2.413
2.172
2.176
2.234
2.27
2.469
2.82
2.367
3.065
2.443
2.319
2.207
2.15
2.378
2.337
2.202
3.199
2.251
2.969
2.258
2.658
2.258
2.303
2.477
2.141
2.666
2.51
2.309
2.285
2.726
2.737
2.269
3.441
2.616
2.178
2.382
2.48
2.36
5.198
2.329
2.322
2.345
3.08
2.306
2.3
2.58
2.338
3.639
2.232
2.208
2.616
2.244
2.301
2.302
2.965
2.366
2.339
2.339
2.376
4.726
2.175
3.857
2.385
2.82
2.29
2.274
4.994
3.442
2.668
2.102
4.44
2.638
2.961
2.355
2.675
2.319
2.36
2.321
2.908
2.391
10.42
2.285
2.197
3.691
2.287
3.181
2.285
2.166
2.286
4.789
2.519
2.284
4.362
2.272
4.379
2.402
2.31
2.308
2.245
3.212
2.319
2.244
3.74
2.243
2.287
3.333
2.427
2.384
2.318
2.67
2.39
4.946
3.047
2.306
2.664
2.511
2.74
2.57
2.231
3.515
2.29
2.299
2.296
2.315
2.274
2.227
2.289
9.033
2.36
2.316
7.894
2.293
3.809
2.283
2.234
2.336
2.303
3.218
2.273
2.871
2.235
2.697
2.372
2.22
2.523
2.185
6.279
3.077
2.452
2.703
2.732
4.971
3.748
2.387
3.804
2.072
2.463
3.058
5.746
2.116
2.873
2.317
2.09
2.994
2.204
2.084
2.381
2.887
2.23
3.098
2.3
2.104
4.067
2.339
2.56
2.25
4.035
2.253
2.413
2.992
2.551
6.387
3.184
5.192
2.353
2.617
3.317
2.206
4.184
2.673
2.543
2.465
2.39
2.638
2.29
2.944
7.788
2.2
2.188
3.944
2.343
5.052
2.642
2.222
2.243
2.902
2.403
2.203
2.387
2.29
3.498
2.916
2.316
3.018
2.395
2.796
2.28
2.294
2.301
2.264
2.642
2.348
2.472
2.327
2.156
2.351
2.275
2.482
2.328
2.273
3.616
2.407
2.855
3.332
2.951
2.068
2.345
4.409
2.331
2.997
2.224
2.605
2.305
2.231
2.193
2.316
2.422
2.261
6.451
4.377
2.364
2.272
2.499
2.268
2.232
2.426
2.24
2.846
2.256
2.357
2.382
2.261
2.327
2.604
2.42
6.607
2.355
2.283
3.457
2.3
3.543
3.042
2.452
2.752
2.217
2.313
3.594
2.276
2.502
2.318
3.135
2.289
2.168
4.677
2.268
2.328
2.144
7.607
2.423
3.357
2.962
4.965
2.339
2.757
2.384
3.117
2.336
2.722
3.713
2.287
2.695
2.753
2.257
2.935
2.574
2.311
2.646
2.272
3.696
2.19
2.24
2.297
2.367
2.268
3.126
2.45
3.028
3.696
2.188
2.509
2.148
2.609
2.247
2.599
2.202
2.32
2.337
2.511
4.463
3.792
2.31
2.876
2.301
2.699
2.336
2.652
2.379
2.665
2.369
2.247
2.745
2.586
2.211
2.298
2.284
2.29
2.238
3.372
2.247
2.241
3.142
2.629
2.422
2.331
2.255
2.41
2.337
3.695
2.269
2.385
2.28
3.162
2.536
2.344
2.221
2.294
2.901
2.605
3.263
2.421
2.212
3.349
3.582
3.049
2.381
2.293
2.443
2.212
2.337
2.332
3.425
2.31
3.832
2.332
2.266
2.335
2.172
2.307
3.587
2.302
2.966
2.288
2.165
2.308
2.171
4.684
2.725
2.333
2.484
2.174
4.301
2.241
2.817
2.344
2.223
2.563
2.269
2.607
2.327
3.495
2.353
2.428
2.275
2.223
2.331
2.314
4.493
2.331
7.171
2.242
2.208
2.26
2.272
2.298
2.285
3.055
4.603
4.166
6.926
2.248
4.832
2.267
3.221
2.708
2.179
2.463
3.842
2.267
2.453
2.523
3.741
2.33
3.245
2.693
2.317
2.779
2.318
2.243
2.474
2.775
2.358
2.448
2.292
2.167
2.646
3.975
3.662
2.198
3.258
2.423
2.43
5.94
2.346
8.405
2.336
2.482
3.082
2.264
2.633
2.242
7.769
2.302
2.244
3.755
2.721
2.193
2.577
2.667
2.269
2.38
5.65
2.372
3.963
2.486
2.152
3.018
2.902
2.143
3.251
2.2
4.915
2.151
2.14
2.206
2.217
2.254
2.177
3.056
2.568
3.015
2.429
2.187
3.007
2.29
2.234
2.98
2.162
2.151
2.324
2.232
3.859
2.267
2.708
5.057
2.152
2.859
2.193
2.289
4.124
2.178
2.216
2.44
2.288
2.22
5.326
2.5
2.427
2.428
2.423
2.297
2.216
2.373
2.206
2.424
2.438
2.242
4.633
2.187
2.214
2.197
2.259
3.011
2.364
2.492
2.083
2.705
8.72
2.244
4.784
4.848
2.169
3.174
2.517
2.252
2.496
2.292
2.117
2.114
2.222
2.463
2.089
2.231
2.243
2.183
7.158
2.439
3.112
2.239
2.333
3.018
2.193
2.228
2.159
2.179
4.496
2.168
2.335
2.93
2.223
2.174
4.367
2.225
4.962
2.507
8.322
2.319
2.004
2.434
2.302
2.354
2.245
2.493
2.299
2.178
4.545
2.267
2.376
2.18
2.281
2.181
4.009
3.523
3.099
2.408
2.164
2.269
3.087
2.261
2.152
2.223
2.351
2.284
3.564
2.275
2.24
2.219
2.474
3.651
2.247
2.164
2.428
2.182
2.285
2.139
4.913
2.245
3.114
3.128
6.554
2.443
10.125
2.25
2.286
5.201
2.386
2.888
2.298
2.604
2.407
2.433
2.765
2.186
2.237
2.289
2.447
2.223
2.621
3.458
3.03
2.275
3.009
2.114
2.242
2.62
2.304
3.15
2.359
2.273
3.176
2.281
2.298
2.93
2.171
2.302
2.353
3.751
2.339
2.288
2.246
6.681
2.728
2.058
2.298
2.306
6.061
3.416
2.591
2.331
3.622
3.183
2.452
2.274
2.231
2.254
3.642
2.29
2.285
3.088
2.31
2.52
2.324
2.303
2.313
3.007
2.327
2.265
2.994
3.251
2.454
2.347
2.596
2.35
2.338
4.388
2.518
2.325
2.399
2.278
2.929
3.086
2.285
2.372
2.258
3.018
2.366
3.308
2.253
2.387
2.139
2.776
2.297
4.98
2.514
2.865
2.454
2.307
2.512
2.393
2.398
2.528
2.158
2.404
2.236
3.09
4.399
2.287
2.361
2.298
2.746
2.71
3.016
2.293
3.344
2.182
2.395
2.372
2.331
3.919
2.52
6.077
2.374
2.579
3.591
2.302
3.378
2.345
3.09
2.964
3.648
2.324
2.238
2.738
2.3
3.837
2.344
2.333
2.271
3.777
2.911
2.292
2.821
2.397
2.611
2.285
2.892
3.579
3.285
2.314
2.339
2.25
2.313
2.765
2.329
2.241
2.236
2.252
3.287
2.956
3.578
2.179
2.254
2.866
2.266
2.292
2.291
2.386
2.306
2.241
2.426
2.367
2.68
2.303
2.438
2.177
2.234
2.224
2.191
2.196
2.148
5.447
2.212
3.048
2.31
6.4
2.847
3.552
2.495
2.444
2.265
2.33
2.22
2.068
2.274
2.295
2.236
2.232
2.495
2.306
9.185
2.388
2.289
2.141
2.238
8.164
2.321
2.28
2.27
2.13
2.301
2.407
2.281
2.276
2.117
3.004
2.301
2.754
8.252
3.046
4.369
2.312
3.704
2.426
2.298
2.544
2.314
2.379
2.312
2.585
2.241
4.826
2.295
3.015
2.606
2.305
2.46
2.305
2.537
2.408
2.439
2.355
3.95
2.57
3.35
2.406
2.855
2.244
2.523
2.387
5.792
2.598
2.334
2.307
2.29
2.531
2.386
3.06
2.311
3.05
2.334
3.592
2.233
2.243
2.679
2.47
2.312
6.97
2.208
2.26
2.163
2.742
2.474
3.893
2.12
3.948
4.77
2.592
2.262
2.182
2.167
2.217
2.246
3.287
2.442
2.117
3.676
2.949
2.288
2.163
2.198
2.252
2.564
2.558
2.525
2.1
2.159
2.151
2.82
2.276
2.168
3.487
2.199
3.047
2.216
2.585
2.092
2.136
2.175
2.989
2.174
6.562
2.363
2.429
2.826
2.6
2.461
2.174
2.07
2.666
2.171
5.187
2.161
2.11
2.957
2.105
2.085
2.187
2.198
3.147
2.778
2.232
5.477
2.645
2.321
2.59
2.235
2.555
2.132
2.187
2.142
2.324
2.107
2.522
2.244
2.384
2.109
2.326
2.224
8.433
2.241
2.075
2.195
3.824
2.838
2.186
4.481
2.084
3.492
2.191
2.341
2.388
2.496
2.188
2.238
4.601
2.255
4.429
2.564
5.115
2.135
2.377
2.162
3.534
5.685
2.101
2.124
2.101
2.175
3.306
3.465
2.78
2.271
2.322
2.593
2.525
3.586
4.596
2.743
2.303
2.13
2.19
2.562
2.163
7.505
2.191
2.291
2.228
2.267
2.232
2.091
2.427
2.183
2.151
2.179
3.474
2.446
2.288
2.771
2.102
3.018
2.73
2.19
2.126
2.181
8.035
3.235
2.212
2.534
2.107
2.865
2.205
2.105
2.679
2.274
2.594
5.776
2.225
2.227
2.565
2.258
4.098
3.21
3.038
2.324
2.233
2.206
2.216
2.523
2.186
2.45
2.152
2.662
3.369
2.114
2.219
2.927
2.229
2.204
2.192
2.187
2.934
2.877
2.974
2.692
2.617
3.003
2.26
2.182
3.341
2.291
2.182
2.217
2.123
3.089
2.299
3.696
3.416
2.718
2.16
3.011
2.293
2.245
2.27
4.482
3.514
6.043
2.137
2.797
2.186
2.856
2.203
2.153
2.117
3.165
8.96
2.095
3.053
3.439
2.206
2.099
2.189
5.271
2.122
2.36
4.867
2.173
2.138
5.036
2.212
2.282
2.09
2.232
2.136
2.305
5.025
2.285
2.151
2.934
4.049
2.155
2.146
2.605
2.168
3.811
2.231
2.138
3.856
3.139
3.646
2.712
2.106
2.333
5.967
2.822
2.189
2.138
2.563
2.236
2.988
2.361
2.123
2.686
2.344
3.041
2.26
2.23
2.199
2.251
2.168
3.053
2.219
2.215
2.773
2.138
2.226
2.828
2.343
3.315
2.455
2.215
2.202
7.287
2.5
2.223
2.523
2.183
2.189
2.185
2.979
9.377
2.422
2.374
2.523
2.278
2.451
2.165
2.203
3.508
2.343
2.524
2.886
2.604
2.1
2.564
2.602
2.582
2.215
2.379
2.144
2.111
3.668
2.273
5.121
2.296
2.251
2.369
2.222
2.857
2.227
2.96
2.516
3.185
2.25
2.44
2.841
2.176
2.898
3.261
4.467
2.17
2.25
2.291
3.01
2.502
2.957
2.44
2.297
2.183
2.092
4.729
2.207
2.207
2.159
2.241
2.838
2.15
2.217
2.582
2.263
7.583
2.067
2.251
2.285
2.168
2.126
2.28
4.574
2.341
2.229
3.532
2.133
4.772
3.015
3.829
2.278
2.76
5.032
2.697
8.254
2.765
7.029
2.767
2.171
10.045
2.132
2.228
2.554
2.843
2.161
3.035
2.105
2.838
2.275
4.729
2.199
2.14
2.884
2.128
2.097
2.364
2.206
2.187
2.33
2.305
3.182
2.404
2.606
2.898
2.096
2.391
4.78
2.234
2.246
3.299
2.122
2.202
2.588
2.757
2.173
2.181
2.9
2.545
2.195
2.126
3.276
2.514
3.086
2.26
2.119
2.871
3.203
2.074
2.213
2.175
2.375
2.371
2.102
2.284
2.117
2.759
2.178
4.776
3.03
5.426
2.168
4.36
4.362
8.24
2.229
3.219
2.857
2.168
2.193
2.324
2.293
3.322
2.134
2.828
4.137
2.217
2.117
8.083
2.11
4.113
3.818
2.519
2.1
2.289
3.555
2.552
2.173
2.305
5.118
2.597
2.617
2.184
2.657
2.748
3.643
2.762
3.231
2.562
3.009
2.174
2.069
2.612
2.168
4.611
2.346
2.754
2.34
2.524
3.52
2.236
3.518
2.145
2.178
2.348
2.715
2.467
2.126
2.245
3.862
2.164
2.185
2.336
2.197
2.246
2.128
2.119
2.1
2.18
2.885
2.277
2.142
2.2
2.507
2.213
2.143
2.101
2.572
2.348
2.742
4.006
2.069
2.244
2.402
3.941
2.352
2.234
2.175
9.394
2.151
2.27
2.139
3.231
2.194
2.171
2.228
2.165
2.208
3.252
2.155
2.321
2.154
2.131
2.202
2.606
2.243
4.342
2.258
4.366
2.159
2.229
2.928
4.407
2.857
2.577
2.242
4.166
3.501
2.306
2.563
3.034
2.898
2.187
2.167
2.15
2.48
2.508
2.099
2.228
2.665
5.409
2.09
2.28
2.216
3.502
2.24
4.53
2.154
2.165
3.961
2.356
2.183
2.117
3.083
2.145
2.342
2.789
2.278
2.686
2.219
2.219
2.268
2.366
2.316
2.221
3.913
6.069
3.677
5.753
2.329
2.156
3.846
2.313
2.174
2.61
2.999
2.438
2.196
2.144
2.838
2.239
2.206
2.463
2.139
2.077
2.3
2.08
2.124
2.441
2.139
2.188
3.035
3.82
2.087
2.251
2.153
2.817
3.923
4.831
3.409
2.15
2.38
2.663
2.574
3.158
3.356
2.593
2.344
2.309
3.151
3.137
2.11
2.696
2.076
3.784
2.201
2.301
2.654
2.209
5.571
2.196
2.28
2.175
2.185
2.4
2.107
8.042
2.16
2.226
4.766
2.2
5.491
2.332
2.214
2.251
3.201
2.168
2.467
2.714
2.604
2.151
2.11
3.294
2.966
2.076
4.019
4.064
2.25
2.242
2.104
2.885
2.252
2.166
2.144
2.746
2.943
2.892
2.119
2.214
2.08
2.773
2.166
4.042
2.114
2.119
4.928
2.191
2.056
3.229
2.372
2.203
2.166
2.311
3.328
2.156
2.197
3.018
3.621
2.187
2.111
2.1
2.423
2.355
2.056
2.612
3.389
3.006
2.822
2.093
2.503
2.155
5.135
2.992
2.799
2.143
2.285
2.197
2.24
3.482
2.212
2.186
2.425
2.095
2.185
3.294
2.154
2.128
2.263
2.113
2.47
2.113
3.228
3.857
2.134
2.632
2.672
2.595
2.108
2.155
5.928
2.227
2.131
2.1
3.691
2.714
2.123
3.231
2.135
2.2
2.749
2.141
2.132
5.428
2.135
2.777
2.175
2.179
2.211
2.225
2.125
2.167
2.194
2.462
2.541
2.171
2.075
2.213
2.256
2.162
2.118
2.266
2.268
2.11
4.509
2.17
2.142
2.169
2.72
2.141
3.142
2.204
2.15
2.684
2.171
2.137
2.113
2.1
4.362
4.638
2.187
3.838
2.239
2.246
2.43
2.163
3.585
2.224
2.159
2.34
2.158
2.198
2.206
2.133
3.244
2.399
2.167
2.117
2.879
2.852
2.272
2.244
3.084
2.671
2.142
2.407
2.207
2.251
2.229
2.142
2.673
4.182
2.093
4.293
2.471
2.163
4.978
2.567
2.198
2.941
2.115
4.374
2.124
2.091
3.628
2.15
2.142
2.133
2.429
2.151
2.128
2.697
2.235
2.716
2.118
2.174
2.279
2.116
2.282
2.104
2.233
2.402
2.92
2.129
2.48
2.114
2.431
2.13
3.213
2.12
2.212
3.884
2.821
2.202
2.497
4.053
2.256
2.287
2.415
2.185
4.318
2.092
5.044
2.181
2.221
2.166
2.547
2.078
2.173
2.127
2.937
2.211
3.405
2.186
2.248
2.432
2.196
2.78
2.545
2.141
2.997
5.126
2.062
3.184
2.222
2.291
2.115
2.233
2.116
2.367
2.258
3.032
3.064
7.449
3.056
2.249
3.077
2.257
3.074
2.221
2.159
3.835
2.304
3.237
3.098
2.523
3.344
2.183
2.194
4.419
2.368
2.049
2.199
2.122
2.117
2.324
3.737
2.951
2.265
5.86
2.153
2.841
2.123
3.326
2.156
2.487
4.688
2.088
2.644
2.174
2.085
2.051
2.161
3.487
2.086
2.198
2.256
3.362
2.999
2.183
2.838
3.856
2.094
3.325
3.517
2.932
2.217
2.019
2.827
2.124
2.005
2.077
2.112
2.058
2.258
3.101
2.832
2.74
2.196
2.09
5.89
2.101
2.924
2.121
2.123
2.092
2.139
2.58
2.193
2.561
2.358
3.806
2.025
2.198
2.123
2.138
2.12
2.119
2.247
2.159
2.214
2.211
4.503
3.08
2.886
2.106
2.086
4.137
2.015
2.058
2.089
2.133
2.855
2.142
2.091
2.55
5.85
2.684
2.059
2.112
2.115
2.064
2.417
2.524
2.064
2.49
2.152
2.112
2.221
2.186
2.732
2.132
3.776
2.681
2.161
2.207
2.593
2.249
7.151
2.313
2.121
2.714
2.257
2.299
2.997
2.128
6.98
2.341
2.198
2.955
2.206
2.051
3.344
2.138
2.256
2.13
2.152
2.914
2.177
2.102
2.902
2.083
2.154
2.201
2.134
2.525
2.818
2.723
2.132
2.2
6.572
2.487
2.034
2.135
2.12
8.678
2.146
2.099
2.547
2.919
2.092
6.872
2.082
3.74
2.093
3.452
2.337
2.208
3.503
2.139
3.018
3.363
2.212
2.919
4.289
2.363
2.135
2.607
2.693
2.64
2.177
2.037
2.067
3.227
2.132
3.418
2.441
2.609
3.349
2.129
2.633
2.379
2.092
3.253
2.867
2.15
2.218
2.179
4.776
2.291
2.034
2.654
2.061
2.377
2.739
2.219
5.161
3.022
2.411
2.356
2.594
2.216
2.257
2.517
2.211
2.108
2.279
2.656
3.878
2.081
2.035
2.096
2.071
4.01
2.239
2.098
7.366
2.103
2.147
3.393
2.32
2.585
2.221
2.195
3.906
2.881
2.171
2.14
2.094
2.429
3.532
2.335
2.402
2.564
2.192
2.663
2.13
2.122
2.426
2.096
2.812
2.233
2.084
2.098
3.686
2.147
2.019
2.231
3.644
2.725
2.889
2.128
2.146
2.277
2.132
2.198
5.258
2.11
2.093
2.268
2.214
2.13
2.184
2.144
2.993
3.557
2.11
2.969
2.194
4.134
2.299
2.149
19.73
3.425
2.924
3.068
2.095
2.959
2.168
2.255
3.171
3.766
3.004
2.439
2.129
2.211
3.456
2.492
2.133
2.088
2.057
3.319
2.362
2.105
2.036
2.171
3.619
3.0
2.167
2.103
2.756
2.152
3.312
3.181
2.188
3.1
3.19
5.298
3.256
2.072
3.785
2.227
2.603
2.752
7.968
2.08
2.216
2.741
2.515
3.296
2.605
2.153
2.371
2.291
2.162
2.796
2.283
2.406
2.219
3.515
2.19
9.991
2.306
2.03
2.264
2.598
3.095
2.566
2.145
3.45
2.141
2.704
2.662
2.11
3.098
5.599
3.603
2.163
2.224
2.65
3.018
2.445
2.064
4.448
2.183
2.192
2.24
2.158
3.547
2.219
2.063
4.164
2.162
2.044
3.036
2.153
2.578
3.175
2.09
2.842
2.255
2.26
2.757
2.195
3.475
2.195
3.121
2.225
2.037
2.304
2.148
3.183
2.488
8.979
2.192
2.195
3.15
2.239
2.985
2.534
2.89
2.111
2.255
2.152
2.435
2.171
2.304
2.21
2.381
2.538
3.183
2.805
2.275
2.209
2.126
4.164
3.421
4.736
2.485
2.432
2.607
4.779
4.372
2.421
2.686
2.089
2.294
3.016
2.142
2.217
2.527
4.952
2.466
2.283
4.773
2.317
2.194
2.295
2.675
4.933
2.808
6.488
2.221
3.761
2.266
2.077
2.363
2.191
2.188
2.208
2.204
2.241
5.249
2.534
3.08
2.196
2.284
2.12
3.714
4.192
2.137
2.219
2.201
2.235
2.247
3.34
2.324
3.761
2.178
2.434
2.188
2.032
2.078
4.61
2.071
2.859
2.229
2.138
2.13
2.233
2.297
2.399
6.792
2.903
2.415
2.195
2.455
4.15
2.429
2.3
2.634
2.063
2.155
2.708
2.14
2.143
2.381
2.205
3.364
2.191
2.135
2.167
2.328
2.427
2.063
2.241
2.124
6.296
2.163
2.305
6.575
2.127
2.308
2.308
3.485
3.032
2.531
2.21
2.182
2.989
3.483
3.006
7.528
2.812
2.451
2.156
4.278
2.349
2.201
2.176
2.247
3.423
2.069
2.158
2.759
2.253
2.31
2.159
2.994
2.344
2.977
2.163
2.449
2.565
2.149
4.562
2.292
4.983
3.333
2.27
2.227
2.211
3.254
2.132
2.088
2.06
2.255
2.223
2.107
2.224
2.162
2.041
2.175
2.245
4.163
2.161
2.321
3.994
2.623
2.152
2.681
3.41
3.044
2.403
2.312
2.207
2.356
2.135
3.413
2.492
3.074
2.312
2.127
3.52
2.16
2.442
2.178
2.18
2.472
2.13
2.182
3.688
2.125
2.38
2.254
3.429
2.26
2.127
2.534
2.802
2.33
2.761
4.199
2.166
2.189
2.707
2.056
2.223
2.135
4.212
2.209
9.833
2.609
2.591
2.569
2.411
2.142
2.464
2.595
2.458
2.364
2.134
2.063
3.209
2.077
19.845
2.136
15.543
2.127
2.522
2.622
3.237
2.425
3.574
3.91
2.32
2.289
2.245
2.347
3.187
2.196
2.092
3.801
2.24
3.725
2.295
2.993
2.364
2.223
3.457
2.105
2.372
2.383
2.477
2.214
2.285
2.264
3.428
2.422
3.183
2.313
3.172
2.293
2.304
4.985
2.258
2.969
2.19
2.265
2.293
2.167
3.593
2.336
2.174
2.587
2.88
3.069
2.31
3.02
2.363
2.254
2.264
2.185
2.388
2.764
2.758
2.359
2.326
2.643
2.507
3.064
11.622
2.3
2.559
2.338
2.246
3.88
2.992
2.419
3.47
3.057
2.361
2.409
2.251
2.388
2.946
2.229
3.348
2.328
2.874
2.421
2.469
2.341
2.082
3.5
2.309
2.393
2.496
2.278
3.343
4.821
3.177
2.292
2.24
2.775
2.127
2.366
2.524
7.654
2.493
3.419
2.337
2.436
2.334
3.448
2.308
2.331
2.797
2.53
2.846
2.55
3.031
2.328
2.154
2.982
2.604
2.318
2.39
7.464
2.256
2.814
2.747
2.404
2.321
2.18
3.922
2.921
2.703
2.712
2.718
2.256
2.378
4.009
2.158
3.11
2.284
2.43
3.303
2.304
2.95
2.395
2.905
2.235
3.809
2.203
2.309
2.219
2.229
2.312
2.272
2.442
2.413
2.956
2.346
2.958
2.388
2.369
2.255
2.46
2.54
2.254
4.703
2.304
3.094
2.381
2.276
2.613
2.501
6.221
2.18
3.016
9.12
2.309
2.194
2.432
2.283
3.454
2.208
2.25
3.298
2.711
3.147
2.408
2.18
2.23
3.125
2.333
2.344
2.333
2.215
2.573
2.221
2.159
2.344
2.737
2.528
2.603
2.367
2.604
2.309
2.29
2.285
2.291
2.389
2.243
3.056
2.352
2.224
2.761
2.305
2.667
3.151
2.313
2.362
2.843
2.3
3.152
2.287
2.243
2.975
2.315
3.412
3.049
2.287
2.412
2.228
4.32
2.394
2.282
2.398
2.916
2.303
2.298
3.001
2.439
3.513
2.353
2.366
2.278
3.072
2.382
2.547
2.833
4.128
2.686
2.774
3.289
2.734
2.295
2.267
3.346
2.519
2.962
3.099
2.663
2.155
2.342
3.516
2.065
2.112
5.549
3.732
4.426
2.359
2.29
2.598
2.196
2.363
2.989
3.368
3.016
2.238
2.45
3.79
2.265
2.223
2.247
2.68
2.282
2.589
2.377
2.639
2.388
4.256
4.914
2.236
2.405
3.843
2.681
4.331
2.23
2.397
2.62
2.332
3.133
2.098
2.394
2.119
3.689
2.603
3.52
2.839
4.333
2.106
2.382
2.16
5.367
2.458
2.233
2.278
2.361
2.314
3.253
2.333
3.231
2.1
2.198
2.367
2.239
2.394
2.291
3.505
3.075
3.804
3.048
4.003
2.688
2.312
2.239
4.621
2.521
2.222
2.281
2.273
2.39
2.118
2.35
2.367
2.557
2.276
2.216
2.771
4.363
2.275
2.076
2.318
2.246
2.369
2.295
6.763
2.384
2.307
2.252
3.025
2.466
2.319
3.922
2.216
2.242
2.249
2.264
2.97
5.373
2.34
2.445
2.268
2.287
2.393
2.798
2.325
2.27
2.192
2.292
2.628
2.267
2.519
2.26
2.36
2.285
3.193
2.247
2.932
2.398
2.737
2.252
2.393
2.132
3.096
2.113
2.254
2.241
2.743
2.313
2.336
2.411
5.262
3.204
2.267
2.647
2.343
2.891
2.247
2.32
2.278
2.262
2.257
3.038
2.371
3.454
2.174
3.186
2.305
2.566
2.359
2.222
2.356
2.201
2.44
2.433
3.008
2.172
2.427
2.71
2.26
2.323
2.326
4.97
2.424
3.306
2.134
6.239
2.239
3.017
2.367
3.695
3.086
2.782
2.271
2.532
5.864
3.062
3.919
3.652
3.299
2.288
2.345
2.287
6.599
2.508
2.248
2.291
2.827
2.218
2.401
2.331
2.283
2.287
2.283
2.581
2.272
2.592
6.863
4.799
3.178
2.693
2.57
3.097
2.196
3.055
2.357
2.232
3.956
2.223
2.185
3.147
3.769
2.312
3.668
2.974
2.298
2.257
2.184
3.448
3.792
3.32
2.193
3.563
2.487
3.159
2.499
2.296
2.429
2.45
2.343
2.114
3.022
2.312
8.35
2.817
2.437
4.485
2.848
2.206
3.182
2.354
2.203
2.642
2.922
3.127
2.459
2.926
2.976
2.297
3.211
2.255
2.532
2.352
2.256
3.482
2.277
2.311
2.398
2.4
3.328
2.362
2.546
2.346
3.561
3.146
2.18
2.347
2.486
2.264
3.865
2.379
2.331
2.272
2.55
2.311
2.353
2.492
2.574
3.053
2.703
7.103
2.261
3.177
2.69
4.573
2.384
2.286
2.465
2.471
2.19
2.476
3.044
2.77
2.113
2.187
2.345
3.383
2.3
2.356
2.281
2.267
2.817
2.766
2.498
2.252
4.639
2.193
2.262
2.251
2.257
2.977
2.387
2.347
2.325
2.299
2.186
6.229
2.237
2.481
2.289
2.259
2.31
2.278
2.348
2.378
3.629
2.594
2.297
2.337
2.409
7.932
2.421
2.246
3.069
2.732
3.268
2.463
2.278
2.346
2.384
2.416
3.64
3.01
2.381
2.268
2.248
3.244
3.187
2.907
2.317
2.206
2.392
2.228
3.466
2.311
6.699
3.564
2.26
3.441
2.402
2.505
2.284
2.305
2.303
2.4
2.253
2.315
2.358
2.374
2.352
2.308
2.94
3.834
3.693
2.309
3.449
2.299
5.073
2.558
3.503
2.115
2.177
5.351
2.309
2.629
3.219
2.318
2.362
2.278
2.357
2.579
2.377
2.552
2.156
2.313
2.535
2.303
2.503
2.438
2.403
2.453
2.621
2.157
2.435
2.351
2.178
2.648
2.397
2.834
2.294
2.251
4.023
2.335
2.264
2.545
2.198
2.884
2.257
3.532
2.38
3.013
2.34
2.147
2.374
2.351
2.447
2.304
3.24
2.282
2.248
4.273
2.326
2.275
3.09
2.273
2.338
2.36
2.296
3.177
2.25
2.328
2.43
4.847
2.242
2.284
2.262
2.775
2.327
2.207
2.257
2.547
2.331
2.331
2.255
6.591
2.273
2.361
2.927
2.299
4.081
2.298
2.862
2.342
2.296
7.089
2.45
2.737
2.241
2.278
2.518
2.286
3.185
3.038
2.631
3.213
2.272
2.523
2.313
6.304
2.23
2.402
2.208
7.305
2.446
3.036
2.837
2.289
2.071
2.74
5.124
4.917
2.648
2.179
2.338
2.182
2.773
2.301
2.235
4.014
3.1
2.306
2.206
2.265
2.266
2.291
2.231
2.261
2.293
2.303
2.306
2.379
2.823
2.271
2.269
2.318
2.229
3.011
2.701
2.264
2.262
2.188
2.382
2.247
3.709
3.623
2.293
2.657
2.898
2.445
2.204
2.401
2.317
2.224
2.302
2.267
2.341
2.259
7.112
2.587
2.181
2.352
2.868
2.648
2.232
3.417
3.186
2.238
2.774
2.276
2.958
2.593
8.695
2.389
2.235
2.151
2.682
3.035
2.258
3.53
2.226
2.627
2.883
2.35
3.718
2.277
3.442
2.253
2.323
2.34
2.279
2.219
2.24
4.273
2.659
2.81
5.44
2.404
4.034
2.272
2.341
2.319
2.336
3.056
2.361
3.1
2.226
4.191
2.275
4.239
2.687
2.298
2.964
2.629
2.287
2.383
3.266
2.319
2.253
2.414
2.287
2.835
2.23
2.419
2.653
5.367
3.043
2.292
2.938
2.262
2.853
2.214
2.199
2.27
2.25
2.897
2.184
2.305
2.971
2.26
2.321
2.42
3.368
2.275
2.393
2.348
2.262
2.944
2.316
2.291
2.316
2.263
2.274
2.362
2.537
2.241
2.339
2.305
2.337
2.634
2.244
3.858
2.301
2.123
2.379
2.273
2.185
3.926
3.039
2.332
2.33
2.31
2.345
2.309
2.288
2.354
2.283
2.358
3.042
2.645
2.2
2.255
2.324
3.901
2.258
4.522
2.518
2.373
2.859
3.105
2.957
2.558
3.379
2.162
3.958
2.664
2.297
3.242
2.253
4.472
2.31
2.829
2.488
2.249
2.296
5.182
2.333
2.519
2.532
2.269
2.291
3.844
3.66
2.296
4.622
4.147
2.343
2.664
2.294
2.501
2.339
2.234
2.327
2.935
2.654
2.272
3.158
2.317
2.335
2.321
2.411
2.371
2.386
2.615
2.283
2.29
2.3
2.871
2.365
2.245
2.258
2.303
2.965
2.282
2.296
3.278
2.356
3.564
2.241
2.751
2.717
3.126
10.811
2.194
2.222
2.147
3.322
2.123
3.02
2.269
3.874
2.617
2.597
3.761
2.712
3.341
2.148
2.381
2.107
3.582
3.126
2.175
4.021
3.218
2.309
2.339
2.275
2.332
2.35
2.835
2.28
2.344
2.955
2.35
2.447
2.327
2.52
2.532
2.757
5.558
2.443
2.257
2.21
2.629
7.03
2.265
2.4
2.288
2.602
2.359
2.249
2.554
4.571
3.057
2.345
2.385
3.401
2.409
2.187
3.605
2.423
2.411
2.244
2.287
2.287
3.902
2.335
2.277
2.422
2.336
2.205
2.427
2.328
2.21
2.388
2.316
2.234
2.889
2.255
3.252
2.368
3.144
2.295
2.221
2.251
2.403
3.775
2.306
2.319
2.33
2.273
2.488
2.627
2.27
2.327
2.283
2.462
2.296
2.392
3.7
2.272
2.328
2.354
2.342
2.397
2.988
2.103
2.266
3.135
2.329
2.32
2.315
2.327
5.78
2.559
2.253
4.955
2.256
5.795
2.344
2.212
2.577
2.818
2.378
2.335
3.161
3.061
2.097
2.308
2.281
2.347
2.778
2.353
2.28
2.442
2.218
2.314
3.163
2.185
2.689
2.227
2.313
2.541
2.805
2.323
2.302
2.337
2.594
2.775
2.342
2.309
2.543
3.171
2.319
2.208
3.166
2.278
2.45
2.624
5.224
2.252
2.35
2.637
3.137
3.195
2.291
3.398
3.549
2.32
2.257
2.369
2.39
4.552
2.328
2.307
2.338
2.206
2.245
2.428
2.248
2.831
4.046
2.21
2.299
3.305
2.35
2.251
3.299
2.997
3.169
2.345
3.014
3.28
2.79
2.566
2.391
2.291
2.221
2.374
2.278
2.526
2.265
2.237
2.636
2.407
2.357
2.106
2.851
2.304
2.436
2.309
2.209
2.252
2.451
2.278
3.078
2.387
2.466
2.313
5.532
3.65
2.302
2.41
2.747
2.418
2.206
2.81
2.323
2.918
2.314
2.585
2.998
2.217
2.546
3.788
2.043
3.718
2.306
2.303
2.358
2.299
2.284
2.284
7.941
2.242
3.058
2.298
2.492
3.254
2.336
2.577
2.38
2.324
3.252
2.355
2.277
2.582
2.8
2.359
3.628
2.249
2.307
2.428
2.351
2.325
3.038
2.234
2.374
2.356
2.532
2.378
2.297
2.292
5.093
2.266
2.507
4.563
3.103
2.117
3.152
2.375
2.378
3.116
2.256
3.193
2.165
2.252
3.348
2.664
4.888
2.273
2.401
2.321
2.293
3.345
2.44
3.254
2.224
2.437
2.462
2.381
2.271
2.313
2.568
2.184
2.275
2.285
2.261
6.788
2.56
2.188
3.35
2.724
2.21
2.399
2.534
2.994
3.818
2.169
2.15
2.141
2.279
2.155
2.334
2.85
3.802
2.179
2.394
2.459
2.319
4.749
2.328
4.141
2.304
2.226
3.083
2.189
2.197
2.19
3.512
2.294
3.176
2.429
2.293
2.791
2.306
3.061
2.094
2.274
3.382
2.271
2.267
2.273
2.274
3.5
2.985
2.67
3.152
3.348
2.306
2.905
3.978
2.161
2.403
2.437
2.911
2.9
4.762
2.256
2.258
2.44
2.587
4.373
2.309
2.951
2.353
3.084
2.241
2.388
2.326
6.518
2.714
2.247
3.218
2.332
3.245
2.293
9.854
3.571
2.278
2.401
2.582
2.54
2.289
2.321
2.585
2.293
2.254
2.355
2.267
2.324
2.219
2.474
2.227
2.695
4.056
2.188
2.613
2.332
4.253
3.239
2.125
3.603
2.488
2.187
2.775
2.275
2.774
2.367
2.338
5.699
2.382
2.242
3.386
2.26
4.743
3.707
2.276
2.835
2.203
2.31
2.384
2.936
2.275
2.44
2.616
2.285
2.285
2.301
2.342
2.603
2.26
2.243
2.15
2.268
2.286
2.876
2.339
2.537
2.436
2.356
3.852
2.165
2.222
2.988
2.428
3.706
2.459
2.708
2.553
2.341
2.313
2.324
3.883
2.499
3.485
2.273
2.242
3.048
2.416
2.742
2.284
3.386
2.363
3.46
3.745
2.334
2.31
2.267
2.341
2.186
2.272
3.745
2.279
2.597
2.261
2.287
2.269
3.459
2.3
2.963
2.61
2.387
3.987
4.66
2.656
2.185
3.211
3.654
3.026
2.435
2.303
3.125
2.663
2.64
2.563
2.334
2.354
3.026
2.256
2.342
2.47
2.237
7.167
2.398
2.291
2.388
2.17
2.175
3.605
2.647
2.671
2.299
2.894
2.322
2.343
7.008
2.474
2.939
2.379
3.081
2.611
2.371
2.339
2.275
2.335
4.363
2.272
4.609
2.37
2.398
2.315
2.215
3.632
2.191
2.257
2.537
2.255
2.33
2.235
2.251
3.147
2.439
2.766
2.364
2.345
3.894
2.374
4.747
2.443
4.099
2.385
7.807
2.532
2.258
2.375
2.367
2.263
2.334
2.903
2.249
2.264
2.398
4.349
2.636
2.412
2.233
2.633
2.239
2.736
2.183
2.125
3.21
3.158
3.829
3.381
2.286
3.065
2.297
2.224
2.926
3.753
3.608
2.145
2.965
3.354
10.114
2.397
2.214
2.856
2.324
2.92
5.914
2.274
2.389
2.254
2.463
3.701
2.641
3.075
2.309
2.495
2.323
2.262
2.901
2.181
2.688
2.625
2.368
2.491
2.281
2.222
2.373
2.227
2.407
2.306
2.732
2.362
2.635
2.347
2.52
5.188
2.359
2.39
2.463
2.536
2.28
4.652
2.36
2.394
2.42
2.186
4.432
2.403
2.265
2.61
2.42
3.703
2.627
2.734
2.306
2.265
2.379
4.947
2.271
2.363
2.287
2.23
2.761
3.211
2.322
2.3
3.383
2.249
2.993
2.455
3.369
2.092
2.218
2.328
4.185
2.323
3.46
2.357
2.336
4.959
2.394
2.608
2.288
2.369
2.193
3.124
2.4
2.398
2.349
2.477
2.231
2.509
2.248
5.402
2.306
2.332
3.525
2.389
3.376
2.771
2.884
2.38
2.29
3.081
2.151
2.312
2.322
2.299
2.34
2.354
3.408
2.262
4.246
2.21
2.298
3.505
2.827
4.688
2.684
2.755
2.354
2.198
2.421
2.369
4.029
2.414
2.333
2.217
2.566
2.441
2.297
2.302
2.269
2.41
2.588
2.439
2.297
2.286
2.433
2.391
2.524
2.423
2.586
2.247
3.265
2.319
2.273
2.433
3.552
2.319
2.291
5.182
2.367
2.469
2.313
9.121
2.504
2.216
2.477
2.4
2.312
3.006
2.241
3.013
2.32
2.299
4.448
2.336
2.199
2.164
2.198
2.79
2.277
2.91
2.284
2.21
2.364
2.345
2.141
2.52
2.286
2.268
2.524
3.209
2.432
2.327
3.464
2.258
2.344
2.092
4.742
2.285
2.352
2.882
2.403
4.387
2.314
3.637
3.976
2.347
4.612
2.503
2.358
2.324
2.352
3.394
2.207
2.362
2.342
2.477
2.311
2.182
2.558
2.236
2.872
2.394
2.237
3.199
2.359
3.038
2.355
2.592
2.543
2.379
2.263
2.316
2.376
2.438
3.096
2.329
2.314
2.549
5.199
2.318
3.026
3.521
2.233
3.437
2.406
3.599
4.185
3.208
2.324
2.207
2.815
2.162
2.228
2.338
2.533
3.427
2.309
2.36
2.375
3.491
3.449
2.153
3.118
2.15
3.051
2.808
2.419
3.023
2.244
2.924
2.435
2.278
3.716
2.208
3.688
3.549
2.442
2.278
2.358
2.484
2.615
2.313
2.338
7.652
2.809
2.93
2.427
3.062
2.302
2.254
2.473
2.225
3.03
2.915
3.51
3.88
2.316
3.303
2.376
2.285
2.567
2.6
2.306
2.243
3.387
2.291
2.302
2.314
3.034
2.77
2.256
2.233
3.117
2.329
3.375
2.262
3.174
2.296
2.18
3.015
2.676
2.418
2.409
4.608
2.337
2.737
4.889
2.468
2.564
2.267
3.189
2.226
2.698
4.405
2.292
2.346
2.281
2.426
2.679
2.082
5.115
2.46
2.405
2.533
2.196
2.605
2.646
3.424
2.333
2.374
2.406
2.41
2.231
2.647
3.413
2.258
2.516
4.667
2.478
4.105
2.464
2.994
2.338
2.216
4.715
2.272
8.729
2.476
2.767
2.32
2.29
3.223
2.285
2.226
2.31
2.22
2.217
2.415
2.288
2.821
2.634
2.289
5.931
2.382
2.151
2.368
2.299
2.984
2.649
2.316
3.852
2.389
3.611
2.385
2.537
2.352
2.271
2.386
2.209
2.374
2.375
2.383
3.146
2.422
4.1
2.233
2.206
3.06
2.437
2.418
2.259
2.3
2.295
2.297
2.265
2.311
2.263
2.515
2.304
4.883
2.538
2.334
2.402
2.299
3.326
4.867
2.369
2.558
9.466
2.254
2.904
2.456
3.058
2.204
3.32
2.227
2.727
2.38
2.937
2.247
2.293
2.073
2.183
2.248
2.19
2.188
2.168
2.275
2.117
2.761
2.756
2.373
2.323
2.932
3.519
2.878
2.092
2.665
2.134
2.219
2.177
2.147
2.662
2.229
2.135
2.171
2.496
2.182
2.266
2.191
2.114
3.318
2.22
2.442
2.568
3.579
2.407
3.341
2.422
2.197
2.926
2.406
2.121
2.175
2.207
3.282
2.192
2.576
2.235
6.365
2.948
4.554
2.226
3.015
2.201
2.241
2.202
2.068
2.208
2.073
2.083
4.346
3.439
2.239
2.604
2.267
2.199
6.68
2.211
2.704
3.702
2.255
2.137
4.598
2.484
2.501
2.114
2.138
2.264
2.2
4.307
4.445
2.42
2.485
2.24
2.23
2.442
2.343
2.98
2.84
2.15
2.217
4.295
2.203
3.571
2.574
2.912
2.185
3.065
2.161
2.149
2.27
3.192
4.765
11.247
2.408
2.457
5.07
11.543
3.449
2.168
2.941
2.095
2.503
2.808
2.494
2.118
2.198
2.186
8.175
2.209
2.158
2.207
3.356
2.216
2.193
2.25
2.246
3.153
2.47
2.171
3.515
2.511
2.619
2.504
2.952
2.174
2.415
2.602
2.174
2.149
2.237
2.084
2.122
2.396
2.3
2.985
3.645
2.661
2.243
2.386
5.275
2.606
2.415
2.127
3.09
2.348
2.226
2.198
3.15
3.205
2.548
2.211
2.614
2.167
4.447
2.856
2.961
2.173
2.173
3.598
2.223
2.294
3.116
2.122
4.576
3.176
2.099
4.806
2.187
2.161
4.965
3.378
2.329
3.648
2.249
2.338
5.687
2.7
2.284
2.137
2.643
3.577
2.131
2.894
2.111
2.166
4.255
2.299
3.806
3.104
2.192
3.701
2.194
2.153
2.155
2.841
2.287
2.644
2.122
2.098
2.93
2.192
2.17
8.132
2.416
2.711
2.368
2.209
2.149
7.24
2.248
3.37
2.377
3.189
2.125
4.625
2.131
2.1
2.238
2.171
2.822
2.343
2.228
2.16
2.926
2.386
2.224
3.15
3.081
2.409
2.17
2.922
2.432
4.934
2.185
2.152
2.866
2.785
2.342
3.379
5.032
2.274
5.299
3.198
2.425
2.086
2.156
2.792
4.218
2.176
2.129
2.205
2.136
2.144
2.973
2.152
7.45
8.497
2.113
2.189
3.385
2.101
2.226
2.22
2.18
2.338
3.097
2.531
3.421
2.455
4.619
4.286
2.231
2.421
2.633
2.5
2.221
2.234
2.288
2.533
2.135
2.09
2.133
2.237
3.494
2.229
2.203
2.92
2.182
2.279
2.823
2.135
3.155
2.174
3.662
2.157
2.609
2.932
2.934
3.243
2.199
2.13
5.965
3.503
2.198
2.831
2.189
2.113
2.119
2.752
2.166
2.533
2.566
2.133
2.159
2.453
2.164
2.173
2.473
2.137
2.219
2.116
2.107
2.293
2.136
2.115
2.283
2.165
2.279
3.29
2.728
2.179
2.378
2.347
2.81
2.149
3.369
6.346
2.162
2.726
2.166
2.183
3.506
2.218
2.484
2.245
3.272
2.802
2.622
2.998
2.489
2.385
2.377
3.382
2.406
5.492
2.834
2.215
2.924
2.688
2.124
2.126
2.409
2.197
2.067
2.367
2.169
2.829
2.128
2.948
2.158
2.194
2.318
2.814
2.886
2.13
3.959
2.421
3.065
2.113
2.095
2.236
2.299
2.866
2.851
2.302
2.28
2.158
3.707
2.207
2.089
2.913
2.12
2.261
2.728
2.141
7.811
3.929
2.186
2.401
2.164
2.258
2.315
2.095
2.204
2.289
2.921
2.317
3.335
2.194
2.887
2.176
2.227
3.027
2.158
3.722
2.238
4.206
3.478
2.749
3.008
2.292
2.292
3.016
2.249
2.965
2.905
2.272
3.564
4.132
2.201
2.184
2.447
2.161
4.799
3.833
2.624
2.189
4.554
3.925
2.129
2.125
2.095
2.146
2.875
2.53
2.171
2.302
2.875
2.155
3.78
2.163
2.173
2.796
2.154
2.134
2.28
2.243
2.177
2.335
2.328
2.323
2.396
5.337
2.149
2.181
2.252
2.195
2.185
2.215
2.857
2.107
2.239
3.172
2.282
2.312
2.509
2.228
2.294
2.146
2.178
2.173
2.287
2.857
2.932
2.292
3.834
2.179
6.36
2.99
2.191
2.15
2.992
2.197
2.143
2.736
2.137
2.269
2.213
2.115
3.976
2.51
4.233
2.759
2.126
2.251
2.154
2.218
4.929
2.884
2.177
2.208
2.916
2.153
4.073
2.868
3.348
2.334
2.185
2.251
7.486
2.271
2.162
2.231
2.155
3.155
3.799
2.639
2.241
2.829
2.193
3.227
2.117
2.475
2.542
2.374
2.213
2.564
2.35
2.534
2.08
2.119
2.137
2.178
2.13
2.155
2.18
2.361
2.947
2.175
2.333
3.183
2.109
3.949
2.165
2.122
7.004
2.259
2.241
2.526
2.191
2.258
2.258
2.136
2.192
4.012
2.243
2.274
2.353
2.201
2.144
2.401
2.177
2.641
2.214
2.576
6.691
2.242
2.515
2.971
2.205
2.136
3.105
2.188
2.553
2.168
2.15
2.241
2.162
2.669
2.808
2.217
2.078
2.152
2.107
2.279
2.146
2.69
3.445
2.216
2.167
2.408
2.122
2.16
2.323
2.193
2.09
3.48
2.255
2.865
2.171
2.143
2.129
2.313
2.25
3.307
2.506
2.111
2.38
2.476
3.983
2.318
2.159
3.079
2.25
2.15
2.762
2.456
2.148
2.784
2.59
3.249
2.161
2.099
2.344
2.248
2.186
2.192
2.313
2.089
3.456
2.162
2.233
2.318
2.181
4.282
2.511
2.103
2.972
2.252
2.284
2.278
2.571
2.168
2.76
8.73
2.288
2.18
2.864
2.506
2.158
2.805
2.193
2.109
2.265
2.72
2.315
2.123
2.927
2.154
2.188
2.318
2.201
2.108
3.007
2.212
7.346
4.993
2.24
2.315
2.427
2.161
3.006
2.521
2.178
2.088
2.879
2.178
2.985
2.195
2.126
2.183
2.258
2.11
2.14
7.334
2.24
2.236
2.142
2.21
2.265
4.808
2.816
2.146
3.043
2.492
2.162
2.244
2.865
2.22
2.252
2.114
2.126
2.197
3.08
2.086
3.222
2.12
6.547
2.473
2.273
2.108
2.337
2.225
2.202
2.182
2.148
2.138
2.315
2.155
2.928
2.987
2.171
3.154
2.195
2.143
2.243
2.382
2.205
2.25
2.215
2.081
2.431
2.123
2.172
2.291
2.205
2.098
2.184
2.16
2.289
2.291
2.261
2.325
2.127
4.298
2.205
3.208
2.232
2.186
2.714
2.183
8.463
2.213
2.297
2.213
4.319
2.341
2.098
3.471
2.065
2.783
2.21
2.76
3.34
2.201
2.598
2.527
2.234
9.857
3.938
2.105
4.426
3.443
2.294
2.634
2.297
3.056
2.526
2.185
3.739
2.215
2.303
2.151
2.428
3.294
2.292
2.138
2.217
2.187
2.202
2.52
2.124
2.193
2.444
2.22
2.407
3.352
2.537
2.131
2.486
2.232
2.071
6.844
2.07
3.464
2.271
2.385
2.111
2.399
2.264
2.183
2.064
2.179
2.127
3.111
2.325
2.164
2.18
2.154
3.167
2.298
3.441
2.265
2.234
3.759
3.61
2.18
2.226
2.197
2.185
3.188
4.15
2.169
2.373
3.658
2.164
3.154
2.137
2.183
2.172
2.471
2.228
2.175
2.161
2.263
2.355
2.236
2.184
2.418
2.241
2.707
2.247
5.83
2.218
2.115
2.377
2.167
2.185
2.424
2.211
4.018
2.579
2.575
4.383
8.519
2.223
2.564
2.16
3.606
2.227
2.141
2.375
2.336
2.975
6.001
5.5
3.051
2.156
2.156
3.027
2.354
2.135
2.906
2.57
2.205
2.964
3.016
2.562
2.482
2.594
2.573
2.42
2.754
2.188
2.232
2.896
2.126
2.249
2.253
2.172
2.164
3.25
2.197
2.412
2.113
3.473
2.104
2.371
2.247
2.184
2.368
2.28
2.15
3.127
2.123
2.125
2.466
2.546
2.617
2.684
2.275
2.149
2.175
2.399
2.141
2.58
2.357
2.122
2.24
2.404
2.521
2.078
3.04
3.621
2.198
2.052
2.12
2.024
2.522
2.16
2.657
2.412
2.108
2.896
2.079
2.034
2.254
2.152
2.552
2.337
3.394
2.605
2.102
2.146
2.111
2.225
3.931
2.096
2.251
5.09
2.139
2.562
2.185
2.197
2.959
2.153
2.184
3.722
2.818
2.089
2.082
2.208
3.31
2.166
2.099
2.186
2.095
3.481
2.162
3.528
2.074
2.157
2.16
2.222
2.214
2.279
2.575
2.235
2.099
6.94
2.271
2.135
3.439
3.232
10.427
2.081
2.184
7.686
2.593
2.046
2.172
2.172
2.893
2.196
2.34
3.756
2.202
5.108
2.035
2.106
2.412
2.114
2.157
2.187
4.115
2.428
3.454
2.263
2.585
2.273
3.955
2.209
2.231
2.307
3.282
2.048
2.82
2.257
5.491
2.214
2.025
2.323
2.346
2.367
2.535
3.334
2.4
2.212
3.415
2.314
2.249
2.08
2.981
2.085
3.553
2.197
2.133
3.74
3.407
3.926
2.608
2.241
2.726
2.1
2.406
3.154
3.984
2.943
2.605
2.098
2.123
2.063
2.891
2.278
2.133
5.028
2.149
2.73
3.34
2.152
2.811
2.831
2.414
2.15
2.227
2.338
2.161
2.283
2.044
2.567
4.296
2.251
2.2
2.282
2.051
5.457
2.208
3.161
3.387
2.62
2.36
2.128
2.169
2.982
2.297
2.27
2.206
2.959
2.234
2.141
2.14
2.063
2.172
2.783
2.175
2.168
2.664
2.237
2.227
3.691
2.675
2.054
2.434
2.173
2.384
2.199
2.134
2.197
2.119
3.684
2.109
2.091
4.571
2.222
2.32
3.141
2.333
2.945
3.903
2.382
3.751
2.123
2.227
2.249
2.074
2.143
2.902
2.047
2.215
2.095
2.139
2.118
2.828
2.666
2.217
2.099
3.016
2.142
2.307
3.724
2.198
2.186
2.852
2.132
2.149
2.209
2.178
2.434
2.513
2.157
2.073
2.366
2.057
3.005
17.523
2.171
2.123
5.208
2.885
3.392
2.217
2.144
2.43
3.482
2.242
2.522
2.127
2.073
2.123
10.345
2.238
3.863
2.69
2.174
2.232
2.26
2.631
2.116
2.48
3.037
2.927
2.167
2.739
2.081
2.251
3.813
2.34
2.303
2.724
2.178
3.443
2.109
4.48
2.121
6.151
2.79
2.286
2.319
2.077
2.624
3.48
2.376
2.636
2.174
2.986
2.293
3.77
2.204
2.544
4.094
5.236
2.156
2.256
2.479
2.2
2.291
2.077
2.504
2.088
2.355
2.254
3.186
2.152
4.362
3.193
2.08
3.228
2.201
3.252
2.838
2.255
2.27
5.062
2.926
2.368
3.226
2.827
3.968
2.274
2.241
2.224
2.239
2.235
4.957
2.411
2.877
2.149
2.088
2.471
2.993
2.22
4.103
2.401
2.262
2.508
2.554
2.246
3.019
3.354
2.886
2.188
2.252
2.813
3.131
3.741
2.303
2.948
2.122
2.826
2.348
3.041
2.429
2.222
10.618
2.129
2.122
2.928
2.184
3.09
2.715
2.364
2.564
2.529
2.243
2.291
2.823
2.202
2.233
14.266
2.532
2.646
2.376
2.12
2.634
2.109
2.193
3.67
3.07
4.303
2.236
2.176
2.224
2.491
5.075
2.896
4.019
2.441
2.321
2.243
2.293
2.679
2.592
2.34
2.438
2.355
2.229
2.069
2.155
3.896
4.261
3.805
2.23
2.184
2.711
3.308
2.222
4.109
2.313
2.062
2.215
2.31
2.29
2.194
2.448
2.155
2.918
2.839
2.904
2.243
3.59
2.127
2.653
2.433
2.883
2.135
2.935
2.162
3.08
2.302
3.0
2.119
2.671
2.117
4.37
2.36
2.412
3.712
3.3
2.618
2.379
2.412
2.166
3.435
2.116
3.489
2.445
2.819
2.193
2.209
2.273
2.393
2.573
2.221
2.307
3.545
2.135
2.276
2.405
2.137
3.06
2.515
2.391
3.103
2.643
2.164
2.336
2.277
8.621
2.598
2.115
3.141
2.202
3.103
2.52
2.323
2.226
2.248
2.278
2.348
2.891
2.244
4.044
2.423
2.245
2.128
2.109
2.181
2.181
2.547
2.158
2.21
2.296
2.111
2.14
2.134
5.903
2.364
2.142
2.244
2.55
3.896
2.223
2.064
2.85
2.468
2.503
2.158
2.242
2.149
2.337
2.043
2.093
2.117
2.606
2.174
2.306
2.206
3.044
2.142
2.706
2.326
2.329
2.625
3.094
5.667
2.38
2.907
2.244
2.299
2.328
3.236
2.305
2.2
2.29
2.603
2.921
3.567
3.641
2.212
2.116
2.3
2.13
2.716
2.206
2.06
2.098
2.12
2.506
2.077
2.319
2.276
2.277
2.419
2.181
5.078
2.132
2.274
3.114
2.221
2.061
2.097
2.194
3.721
2.176
2.017
4.402
2.485
2.578
2.098
2.863
2.192
3.352
2.472
2.146
2.292
2.98
2.594
12.315
2.219
13.225
2.17
6.873
2.256
2.32
2.362
2.378
3.119
3.077
3.306
2.394
2.223
3.381
2.257
2.218
3.207
3.841
2.245
2.293
2.248
2.623
2.22
2.269
2.142
2.942
2.321
2.378
2.258
2.247
2.588
2.308
3.787
2.462
2.348
3.077
2.29
2.24
2.462
2.314
4.785
2.276
3.692
2.293
2.138
2.675
3.023
3.599
2.336
3.37
2.369
3.564
2.347
2.207
5.0
2.276
2.342
2.723
2.231
2.826
2.289
2.411
2.639
2.272
2.415
2.54
2.293
3.264
2.292
2.285
3.11
2.412
3.306
2.567
3.53
2.444
2.251
2.188
2.257
2.676
2.725
3.744
3.988
2.188
2.318
2.245
2.438
3.425
2.356
2.381
3.857
2.781
2.935
2.321
3.79
2.379
4.27
2.281
2.288
2.219
2.338
2.341
4.742
2.34
2.224
2.347
2.829
2.234
2.098
5.426
3.11
2.653
3.423
2.38
2.292
2.289
3.284
2.348
2.317
2.13
2.84
2.302
2.399
4.088
2.855
3.531
2.736
2.57
3.769
2.338
3.79
2.356
3.063
2.236
2.211
4.676
2.375
3.449
2.227
2.238
3.816
2.351
3.06
2.305
5.683
2.357
2.52
3.636
2.232
2.467
2.423
2.293
2.972
2.178
3.746
2.35
2.274
2.44
2.17
4.227
2.801
2.345
2.221
2.301
2.553
2.577
3.856
2.216
2.351
2.352
2.369
2.215
2.969
2.194
3.435
2.753
3.685
2.171
3.173
2.853
2.23
2.307
2.557
2.4
2.229
2.371
3.495
2.154
2.259
2.683
6.927
2.339
2.255
3.086
2.276
3.253
3.555
3.712
2.267
5.999
2.805
2.53
2.469
2.223
2.247
2.911
6.266
2.376
3.814
2.313
2.989
8.383
3.588
2.316
2.391
2.281
2.147
2.763
3.018
2.725
5.71
2.788
3.515
2.278
5.937
2.28
2.32
2.505
2.797
2.509
2.388
2.273
2.744
2.375
2.283
2.277
2.324
4.117
4.663
3.028
2.328
3.269
3.039
2.52
2.361
3.31
2.942
2.355
2.869
3.838
2.968
3.128
2.395
2.308
3.33
5.455
3.357
2.33
3.82
2.203
2.423
3.244
2.268
2.457
2.833
2.548
2.055
2.318
2.196
2.205
2.111
4.037
2.303
3.441
3.429
2.646
2.52
2.79
2.213
2.171
2.286
3.293
2.569
3.518
2.367
2.259
2.693
4.012
2.298
3.754
2.368
2.176
2.798
2.579
2.225
2.441
2.815
3.856
2.634
2.109
2.154
2.191
2.12
2.655
2.597
3.269
3.903
2.265
2.871
2.297
2.582
2.535
2.469
2.382
2.175
2.246
2.741
2.298
2.338
2.682
2.379
2.429
2.268
2.5
2.433
2.588
2.619
2.185
2.112
2.306
2.395
2.629
2.237
4.484
3.533
2.207
2.361
2.321
2.642
2.096
2.263
2.32
2.353
2.5
2.338
2.366
2.309
4.534
2.967
2.474
8.724
3.482
2.27
2.27
2.253
2.21
11.3
2.226
2.276
2.251
3.592
2.311
7.566
2.842
3.95
2.202
2.861
2.224
2.224
2.261
3.767
2.8
2.368
2.254
2.267
2.212
3.196
2.796
2.64
2.456
2.342
2.91
2.389
2.399
2.292
2.266
2.336
2.293
3.191
6.162
2.088
3.396
2.776
2.193
2.336
2.291
2.444
2.451
2.251
2.235
2.336
2.253
2.29
2.361
2.438
2.756
3.741
3.212
2.831
2.257
3.522
2.349
2.278
2.167
2.158
2.923
2.263
2.268
2.517
2.238
4.822
2.386
2.289
2.383
2.224
2.387
2.419
2.711
2.276
2.288
2.275
4.792
2.324
2.765
2.277
7.75
4.2
2.23
2.32
4.435
2.258
2.32
2.24
2.638
3.885
4.619
2.254
2.635
2.187
4.552
2.221
2.589
2.316
2.422
2.499
2.208
3.818
2.311
4.575
4.292
3.745
2.348
2.37
2.283
2.288
2.775
2.217
3.312
2.288
2.377
2.346
2.417
3.08
2.279
3.951
3.263
2.288
2.397
2.317
2.745
2.426
2.37
2.316
3.102
2.444
3.887
2.256
2.363
2.544
2.14
2.393
2.326
3.01
2.33
2.264
3.668
2.257
3.495
2.123
2.249
2.291
8.454
2.264
3.424
2.528
4.772
2.278
2.801
3.662
2.805
2.363
3.235
3.149
2.282
2.716
7.481
2.324
2.249
4.319
2.282
4.663
2.399
2.204
2.306
2.466
4.727
2.24
2.304
2.609
2.722
2.5
3.683
3.454
3.171
2.547
3.754
2.19
2.21
3.225
2.988
2.347
2.374
6.759
2.282
2.19
2.389
2.285
2.2
2.596
3.412
2.314
6.131
4.667
2.212
2.376
2.543
3.14
2.47
2.336
2.456
3.124
5.77
2.08
2.434
2.346
7.346
2.256
3.743
2.296
2.418
2.438
2.532
2.418
2.245
2.241
2.26
2.996
2.733
5.579
2.279
3.247
2.275
3.433
2.199
3.969
2.455
3.158
2.375
2.258
2.457
2.403
2.849
2.336
2.413
2.222
2.22
2.353
2.713
2.51
3.548
2.357
2.209
2.338
2.214
2.575
2.234
3.471
3.06
2.42
2.252
2.323
2.244
2.224
2.441
2.322
6.384
5.081
2.173
3.014
2.308
2.239
2.265
3.759
2.311
2.638
3.455
2.309
3.396
3.388
3.35
2.26
2.298
3.137
2.249
7.259
2.588
2.919
2.4
2.486
2.362
2.296
3.237
2.311
3.248
2.189
2.555
2.904
2.697
2.239
2.252
2.26
2.261
2.316
2.222
2.28
2.57
2.262
2.278
2.31
2.33
2.345
2.124
3.578
2.904
2.538
3.113
2.235
5.667
2.269
3.599
2.114
2.401
2.324
2.477
3.668
2.675
2.214
2.328
3.88
2.534
2.268
2.465
2.225
2.35
4.11
2.505
3.143
2.347
2.362
2.895
2.296
3.095
2.312
3.151
2.361
2.537
2.329
10.344
2.397
2.411
2.374
2.694
2.567
2.358
2.968
2.487
2.444
3.922
2.301
2.288
2.712
2.273
2.593
2.255
2.556
3.15
2.844
2.228
2.274
2.265
2.353
3.011
2.328
2.345
3.556
2.171
2.268
2.395
2.243
5.191
2.48
2.232
9.41
2.465
2.237
3.324
2.362
2.451
2.245
2.379
4.015
3.213
2.342
2.698
2.97
2.29
2.237
2.349
4.675
4.498
2.427
2.355
2.32
3.042
2.73
3.675
6.401
2.35
2.349
2.393
3.045
2.317
3.841
2.244
3.038
2.312
2.163
2.354
2.297
2.637
2.77
2.423
4.948
2.984
2.284
2.566
2.853
2.242
2.74
2.386
2.272
2.546
2.647
2.458
2.267
2.295
2.319
2.403
3.348
2.342
2.219
3.336
3.938
3.142
2.288
2.303
2.284
2.339
3.158
2.565
9.289
5.566
2.314
2.271
2.175
2.275
2.519
2.246
2.33
2.328
3.118
2.447
2.542
2.396
3.296
2.654
2.475
2.504
2.981
3.978
3.106
2.305
2.974
2.308
2.397
2.326
6.797
2.973
2.67
2.455
2.558
2.297
2.977
3.099
3.068
2.495
2.259
2.316
2.384
2.319
2.334
2.583
2.902
2.15
3.456
4.464
3.01
2.25
2.292
3.462
2.409
3.28
2.64
3.324
2.33
2.406
2.389
3.076
2.284
3.745
2.532
2.862
2.286
2.213
2.283
8.089
2.281
7.493
2.259
2.292
2.306
2.532
2.448
2.446
4.087
2.367
2.314
3.037
2.31
3.083
2.711
2.3
2.394
2.332
3.653
3.84
2.403
2.318
2.507
3.726
2.304
3.631
2.974
2.48
2.43
2.326
3.087
2.836
2.255
2.29
2.229
2.336
2.317
3.935
2.463
3.013
2.202
2.051
2.335
3.254
4.532
2.173
2.204
2.166
2.241
3.814
2.389
2.3
3.328
3.151
2.474
2.43
2.258
2.365
2.341
2.645
2.399
2.396
2.539
2.225
2.279
3.935
2.237
3.131
2.593
7.866
2.622
2.663
3.885
2.335
2.268
3.78
2.421
2.518
2.365
2.339
3.182
2.271
2.387
3.718
2.291
2.219
2.249
5.686
2.248
2.09
3.1
2.418
2.386
2.349
2.299
2.303
2.389
2.481
2.284
2.289
2.382
2.303
3.113
2.278
2.327
2.945
2.258
2.262
2.28
2.18
2.538
2.268
4.703
2.438
2.196
2.331
2.386
2.964
2.236
2.331
3.527
2.281
2.36
2.337
2.279
2.859
2.284
2.798
2.44
2.477
4.563
2.261
2.288
6.917
3.976
4.481
2.33
2.213
4.489
2.071
2.587
2.384
2.569
2.142
2.936
2.248
2.265
2.694
2.359
4.705
2.497
4.426
2.095
2.63
2.237
2.293
4.731
2.366
2.25
3.078
2.791
3.069
2.404
4.149
2.305
2.116
3.047
2.246
3.282
3.119
2.19
4.208
2.284
2.331
2.27
2.366
2.497
9.687
2.434
3.2
2.348
2.307
2.274
2.319
2.288
2.383
2.294
2.389
2.443
2.518
3.856
2.255
2.697
2.292
2.226
3.065
2.333
2.265
3.008
2.365
2.403
2.34
2.994
3.022
2.73
2.331
2.434
2.446
2.367
2.281
2.359
2.598
2.309
2.566
2.216
2.35
2.907
2.412
2.458
2.64
2.206
2.21
2.358
2.331
2.591
2.357
3.367
2.669
3.127
4.665
3.159
2.302
2.577
3.329
2.795
2.421
2.275
2.229
2.277
2.285
2.555
2.325
3.369
3.422
2.315
3.513
2.873
2.404
3.667
2.259
2.42
2.844
2.582
2.25
2.338
2.299
2.331
2.439
2.827
2.192
2.591
2.339
2.335
6.652
2.33
2.73
2.316
2.362
2.335
5.472
3.04
2.3
2.589
2.347
2.218
2.452
2.325
3.187
3.416
2.877
2.305
2.35
3.594
2.508
4.146
2.661
2.471
2.295
2.327
2.33
2.321
2.354
2.228
3.66
2.317
2.373
2.839
4.228
2.306
7.129
4.675
6.326
2.288
2.815
2.392
2.31
2.363
2.498
2.26
2.306
2.982
2.554
2.344
2.656
3.947
2.336
2.31
3.281
2.33
2.353
3.185
2.389
2.748
2.424
2.872
2.21
2.162
2.296
2.928
2.237
2.662
2.267
2.324
2.396
2.338
3.219
2.239
2.095
2.3
2.398
4.734
2.339
4.764
2.507
2.289
3.294
2.176
3.108
2.468
2.28
2.292
2.242
2.237
2.782
2.263
2.567
2.745
2.463
3.006
2.255
2.288
2.239
2.593
3.0
2.384
2.388
2.204
2.281
2.425
3.599
2.462
2.325
2.354
3.04
2.792
2.256
2.411
3.534
4.3
2.307
7.736
2.262
2.208
4.57
2.337
8.161
2.419
2.339
2.336
2.288
3.009
2.465
2.319
2.288
2.237
6.17
2.254
2.234
2.947
2.213
2.318
2.702
2.295
2.25
2.413
2.358
2.282
3.374
2.63
2.294
2.744
5.309
2.225
2.17
2.592
2.283
2.32
2.369
3.13
2.098
2.162
2.228
2.778
2.365
2.345
2.368
2.233
3.064
7.395
4.169
3.804
2.381
2.437
2.387
2.348
2.248
3.07
2.27
3.34
2.292
4.221
2.282
2.878
2.748
2.173
2.391
4.254
2.467
2.603
7.016
2.218
2.137
2.171
2.162
2.301
3.083
6.921
2.186
2.556
2.21
3.94
2.24
3.573
3.46
2.226
4.05
2.278
2.358
2.357
5.493
2.381
2.566
2.321
2.303
2.443
2.865
2.388
2.24
3.012
2.345
2.354
2.229
2.291
4.331
2.295
2.299
2.365
4.096
2.255
2.462
2.267
2.405
2.652
2.222
2.422
2.227
2.248
2.577
3.019
2.403
3.034
4.153
2.768
3.151
2.288
2.974
2.379
3.327
2.8
3.57
3.099
2.746
3.911
2.71
2.281
2.5
2.238
3.083
2.329
2.79
2.402
3.896
2.272
3.175
3.72
2.33
2.369
2.156
2.7
2.275
2.252
2.331
2.278
5.963
3.833
8.723
2.564
2.255
2.569
3.075
2.294
3.409
2.168
5.496
2.331
2.384
3.204
4.442
3.166
2.23
2.836
2.363
2.374
2.369
2.26
2.871
2.326
3.075
2.275
2.372
5.486
2.345
2.203
2.143
3.434
2.585
2.696
2.272
2.202
2.714
2.304
2.842
2.285
6.81
2.268
3.424
2.996
2.219
2.278
3.043
2.335
2.971
2.238
5.111
2.247
2.204
3.41
2.388
2.559
2.632
2.943
2.395
2.59
2.292
2.228
2.905
2.253
3.017
2.294
2.862
2.272
4.452
4.876
2.459
6.298
2.334
2.311
2.401
2.209
2.31
2.198
3.214
2.358
2.459
2.311
2.422
2.426
2.433
2.46
4.461
3.095
2.364
5.95
2.406
2.279
3.283
2.275
2.191
2.349
3.148
2.368
3.559
2.206
2.457
2.413
2.207
2.656
2.28
2.338
3.775
2.302
3.041
3.028
2.593
2.875
2.438
3.201
2.212
2.161
3.105
2.734
2.389
2.176
2.291
2.633
2.891
2.317
2.714
2.39
2.12
2.342
2.712
2.248
2.694
2.334
2.26
2.402
4.389
2.252
4.438
2.399
2.437
2.259
2.307
2.65
2.609
2.32
2.21
2.773
2.349
2.36
2.153
2.299
2.259
3.145
2.283
3.696
2.234
2.45
3.326
2.408
2.254
3.038
2.212
2.346
2.202
2.939
2.496
2.214
2.259
2.429
2.664
2.339
2.29
2.596
3.807
2.322
2.6
2.354
2.345
2.931
2.307
2.181
2.278
2.405
2.33
2.259
2.314
2.755
2.318
2.489
2.913
2.53
2.29
2.137
2.866
2.271
3.449
2.231
2.311
4.128
2.312
3.09
2.56
2.399
2.263
2.293
2.267
2.62
4.612
3.232
2.335
2.303
2.312
2.168
2.243
3.112
2.284
2.507
2.805
2.232
2.394
2.223
3.548
2.243
2.312
3.285
3.783
2.333
2.29
2.262
3.451
4.287
2.259
4.101
3.22
2.366
2.309
2.381
3.135
2.289
2.249
2.251
2.289
2.377
2.272
2.948
3.646
2.238
2.529
2.749
2.501
2.23
2.87
4.894
2.15
2.292
3.31
2.733
2.206
4.098
2.543
2.799
3.004
5.088
3.529
2.58
3.109
2.684
2.205
7.9
2.311
14.447
2.443
2.202
2.54
2.3
4.787
2.373
2.819
2.27
2.2
3.76
3.024
11.71
2.293
2.337
2.354
2.32
2.267
2.23
2.372
3.664
2.729
3.075
2.413
6.167
2.533
2.199
2.347
2.324
2.125
2.302
2.275
2.493
2.223
2.266
2.302
2.881
2.295
2.191
2.872
2.736
3.949
2.296
2.325
2.411
2.402
2.401
2.318
2.292
2.269
2.434
2.223
2.367
2.558
3.075
2.363
2.257
2.403
3.531
2.303
3.301
2.185
3.678
2.273
2.432
2.315
2.307
2.831
2.523
2.922
2.293
2.842
2.817
2.211
4.041
2.545
2.557
2.379
2.369
3.378
6.323
2.456
2.468
2.409
2.298
2.344
3.106
2.239
2.472
3.634
2.386
3.268
2.329
2.402
2.178
2.414
2.33
2.176
3.398
3.394
2.784
2.326
2.283
2.323
3.42
2.352
2.399
2.436
2.285
2.339
4.368
2.284
2.538
2.378
2.834
2.383
2.357
3.592
2.419
4.606
2.384
2.41
2.504
2.191
4.048
2.427
4.289
2.349
3.348
2.261
8.361
2.347
6.839
4.244
2.195
2.249
2.428
2.214
2.913
2.318
2.349
2.628
2.594
2.282
2.236
2.914
2.258
2.232
2.284
5.357
2.602
2.264
2.808
2.394
2.814
6.768
2.274
9.05
3.488
2.462
2.346
2.558
2.311
2.292
3.77
2.247
2.29
2.746
2.326
2.171
2.124
2.282
2.357
7.251
2.607
2.251
5.396
2.435
2.502
2.235
3.288
2.506
2.21
2.238
2.224
3.59
4.947
2.322
2.242
2.994
2.215
2.093
2.272
10.315
2.34
2.395
2.329
2.531
2.246
2.295
2.31
3.063
3.326
3.35
2.405
2.742
2.395
2.419
2.788
2.266
2.318
2.427
2.289
2.357
2.253
2.423
2.315
2.717
2.309
3.625
2.26
2.31
2.24
3.178
3.342
3.998
3.039
2.313
2.372
2.454
2.387
2.327
2.353
2.523
2.269
4.621
2.243
2.359
2.778
3.373
2.335
2.657
2.408
6.473
2.349
2.869
2.283
2.31
3.041
2.282
2.358
2.601
3.122
2.855
2.176
2.27
2.373
2.263
2.797
2.202
3.122
2.09
3.956
2.341
4.427
2.257
2.623
2.289
2.533
2.713
2.767
3.004
2.335
3.267
3.002
2.32
3.592
4.093
3.104
2.315
2.795
2.688
2.263
3.103
2.223
2.223
2.263
2.27
2.254
2.14
2.572
2.928
2.273
2.302
2.225
3.705
2.157
2.363
2.212
4.491
3.719
2.389
2.984
3.123
2.409
3.149
2.446
2.251
3.586
2.321
2.288
3.539
4.24
2.276
2.315
2.487
2.494
2.425
3.299
4.568
3.387
3.153
2.22
2.31
2.677
2.248
3.344
2.289
3.927
2.244
3.256
2.336
2.767
2.953
2.277
2.801
2.164
2.425
2.328
2.383
2.835
2.237
3.821
2.656
2.632
2.352
2.286
10.364
2.344
2.262
8.277
3.935
2.2
4.354
2.165
2.481
4.817
2.227
2.191
4.166
2.147
2.87
2.277
2.102
2.75
2.354
3.036
2.068
2.378
6.597
2.776
2.224
2.693
2.467
2.132
2.36
2.095
2.349
2.757
4.117
2.193
3.065
2.235
2.285
3.412
2.493
2.117
3.069
3.012
3.053
4.127
3.678
2.371
2.507
2.139
2.079
2.505
2.356
4.11
2.56
2.181
2.534
2.241
4.806
2.48
2.118
2.586
2.164
2.262
3.029
2.753
2.204
2.498
2.241
2.104
4.567
2.114
3.24
2.227
2.209
2.117
2.781
3.258
2.571
2.148
3.191
2.093
2.133
2.252
3.281
2.335
2.229
2.213
4.448
2.593
3.639
2.289
2.268
3.018
2.247
5.934
4.759
2.438
2.249
2.339
3.636
2.406
3.096
2.864
3.34
2.138
3.588
3.304
3.121
3.433
2.19
2.994
2.297
2.994
2.178
2.24
2.448
2.92
3.687
3.247
2.513
10.396
2.396
2.579
2.189
2.283
3.122
3.056
2.22
2.665
2.307
2.154
8.269
3.807
2.139
2.893
2.429
2.715
2.152
4.515
2.122
2.198
2.214
2.288
2.181
2.125
2.137
3.075
2.499
2.26
3.211
2.21
2.129
7.108
2.173
2.14
3.897
2.38
2.303
2.374
2.191
2.658
2.715
2.971
2.553
2.783
2.252
7.019
3.002
2.695
2.2
2.355
2.199
2.212
3.106
2.449
2.787
2.75
2.116
2.242
6.385
2.273
2.504
2.589
2.183
2.726
3.105
2.185
2.254
2.276
2.276
2.824
2.168
2.504
7.009
2.198
2.855
3.688
2.727
2.214
3.539
5.507
2.138
2.231
5.58
2.382
2.249
2.263
2.329
2.093
2.959
2.126
2.091
2.961
2.1
5.069
2.152
2.17
2.132
3.031
2.202
4.26
2.209
2.087
3.432
2.237
3.104
2.805
2.135
2.603
2.478
2.193
3.512
2.155
2.503
2.277
2.275
2.902
2.159
2.42
7.851
2.151
3.84
2.141
2.362
2.698
2.167
2.479
2.178
2.984
2.222
2.603
2.174
3.241
2.198
2.902
2.159
2.211
3.984
2.094
2.202
4.264
2.584
2.162
3.074
2.268
3.207
2.162
2.455
3.258
2.133
2.61
2.637
2.217
2.516
2.472
2.156
2.109
2.332
2.184
2.118
2.815
3.052
2.137
2.366
2.208
5.468
2.434
2.168
2.212
2.263
2.494
2.178
2.305
2.171
2.552
2.142
2.378
2.661
2.364
2.457
2.068
2.063
2.493
2.75
2.188
2.828
2.44
6.613
2.17
2.14
2.66
3.472
2.076
2.52
2.193
2.169
2.299
3.283
2.324
7.978
2.316
3.584
3.304
2.292
2.844
2.149
2.272
2.159
2.292
3.03
2.163
2.156
2.906
2.173
2.113
2.259
2.293
2.149
2.053
2.944
2.17
7.459
2.226
2.124
2.598
2.136
2.496
3.956
2.218
2.121
3.434
2.45
2.257
4.6
2.167
2.18
3.136
2.183
2.244
2.612
2.253
4.435
2.387
2.231
2.866
2.094
2.135
3.07
2.784
2.328
2.756
2.788
3.873
4.866
2.623
2.904
2.54
2.2
2.605
2.083
3.008
2.275
2.764
2.556
4.08
3.134
2.231
2.506
2.633
2.354
2.265
2.17
2.334
3.04
2.394
2.205
2.197
2.211
2.289
2.216
2.215
2.629
2.805
3.066
2.141
2.211
2.145
2.116
2.062
2.377
2.703
2.261
2.228
2.214
3.032
2.156
2.221
3.302
2.241
2.75
2.591
2.187
2.264
2.337
3.055
2.121
2.208
3.253
2.31
2.893
2.213
2.223
2.153
3.443
2.141
3.459
2.867
2.188
2.732
2.92
2.11
14.693
2.439
2.769
2.202
2.252
2.196
2.369
2.103
2.272
2.887
2.187
2.812
5.284
2.28
2.665
2.289
2.115
3.949
3.862
2.465
3.123
2.25
8.006
6.632
2.154
2.699
2.127
2.634
2.216
2.153
2.482
2.17
2.064
2.784
2.207
2.801
2.683
2.25
2.845
2.339
2.088
2.255
2.423
2.29
3.2
2.519
2.955
2.263
2.606
4.939
2.147
2.144
2.343
3.035
2.264
2.287
2.23
2.31
2.174
2.633
4.529
2.14
2.177
2.8
2.169
2.247
5.656
2.167
2.86
2.163
2.3
2.681
2.281
2.199
2.127
2.213
2.289
3.818
2.208
2.244
4.592
2.167
2.268
2.162
2.687
4.411
2.371
2.131
5.134
2.159
2.336
3.314
2.192
2.213
2.145
3.403
2.218
2.165
4.92
2.27
2.179
2.291
3.732
2.847
2.365
2.186
4.808
3.398
2.168
2.248
2.646
2.264
2.309
2.866
2.436
2.157
2.555
3.251
2.84
2.237
2.782
2.603
2.571
2.107
2.541
2.263
2.167
2.213
2.212
2.066
2.156
2.901
3.218
3.394
2.556
2.304
2.113
3.958
2.718
2.424
4.785
2.194
2.399
2.185
2.299
2.189
2.327
3.52
3.297
3.962
3.407
2.262
2.509
2.313
2.241
2.268
2.268
2.152
2.262
2.438
2.524
2.298
2.291
2.128
2.157
3.333
2.451
2.49
2.477
2.121
4.203
2.274
2.55
2.19
2.21
2.199
2.215
2.258
2.332
2.292
2.173
2.234
2.486
2.153
2.236
2.301
2.175
6.309
2.275
2.097
2.112
2.223
3.021
2.929
2.164
2.203
2.284
2.255
2.218
6.422
2.156
2.276
2.169
3.379
2.225
2.262
2.172
2.15
3.479
2.429
3.101
2.337
2.225
2.229
2.27
2.406
7.885
4.025
2.179
2.98
2.968
2.2
2.081
3.639
5.613
3.619
2.211
2.177
2.295
2.216
2.158
2.322
2.502
2.17
2.582
2.67
2.231
2.764
2.36
2.291
2.178
2.213
2.25
2.19
2.946
2.251
2.185
2.592
2.216
2.216
2.177
2.19
3.029
2.336
2.127
2.904
2.198
2.544
2.176
2.198
4.891
2.07
2.655
2.326
2.331
2.138
2.761
2.14
2.29
2.189
2.245
2.295
2.166
3.732
2.198
2.083
2.899
2.164
2.527
2.202
2.164
5.047
3.536
2.198
2.142
2.269
3.834
2.909
2.198
3.442
2.191
2.389
2.664
2.061
2.153
2.229
2.202
2.477
2.499
2.803
2.247
2.326
3.089
2.17
7.617
2.489
2.277
2.897
2.185
2.167
2.315
2.2
3.064
2.187
5.576
2.343
2.184
2.218
4.813
2.14
2.937
2.462
2.971
2.194
2.134
2.84
2.164
2.208
2.307
2.442
2.322
2.103
3.307
2.284
2.204
2.256
2.287
5.182
2.164
2.531
2.237
2.153
2.244
2.335
2.152
2.215
2.369
2.182
2.97
2.193
2.207
2.911
2.16
2.13
2.976
2.865
2.099
2.271
2.238
3.154
2.295
2.312
2.2
2.8
3.024
4.103
2.479
2.219
2.273
2.33
2.213
2.908
2.513
3.305
2.22
2.658
2.171
3.725
2.283
2.206
2.099
2.329
2.765
2.15
3.944
2.73
3.054
2.478
2.83
2.347
2.447
2.183
4.159
3.596
2.285
2.134
2.3
3.157
2.168
2.652
2.117
4.068
2.163
2.164
2.703
3.524
2.089
2.206
2.236
2.926
2.3
2.122
2.637
3.42
3.366
2.096
9.959
2.913
8.237
2.459
2.172
3.849
2.372
2.105
2.838
2.783
2.203
2.184
2.154
2.31
2.723
2.147
2.176
2.88
2.2
2.137
2.495
2.107
2.13
2.191
2.927
7.693
2.29
2.141
2.14
2.313
2.199
2.987
2.203
2.62
2.307
2.18
4.746
2.11
3.181
2.128
2.289
6.864
2.272
2.357
2.272
2.183
2.975
2.879
2.117
3.09
2.946
3.472
3.173
3.099
4.802
2.227
2.794
2.263
4.757
2.731
2.138
2.488
2.2
4.378
4.46
274.508
290.113
268.649
