3.75 1
7.2 2
6.2 2
6.0 1
0.45 1155
4.35 1
1.15 28
1.85 3
2.15 1
7.05 1
5.55 4
0.55 287
3.55 1
1.05 29
4.75 1
50.8 1
2.95 1
3.6 2
3.7 1
3.4 2
2.8 1
3.0 1
2.2 1
2.1 2
2.0 4
2.6 2
2.5 1
2.4 1
2.35 2
1.95 4
0.25 27586
1.75 5
5.65 2
0.95 16
3.85 1
0.35 7577
1.65 7
2.25 2
4.95 3
1.5 9
0.9 28
2.85 2
6.05 5
5.25 2
2.55 3
0.05 2
0.85 23
1.8 5
1.55 6
6.15 1
1.9 6
0.15 8909
4.45 1
2.45 1
10.45 1
1.45 6
1.4 11
0.8 42
1.6 5
1.7 8
1.0 24
1.1 36
1.2 46
1.3 30
0.1 7178
0.3 21266
0.2 304
0.5 419
0.4 3353
0.7 78
0.6 203
0.65 108
9.75 1
5.2 1
5.3 1
5.4 1
4.0 2
5.6 2
5.7 5
5.8 2
5.9 2
4.9 2
4.8 2
1.35 22
3.45 1
0.75 56
9.65 1
5.95 3
5.75 2
4.25 1
5.85 2
6.25 1
2.05 7
3.15 2
1.25 38
