7.15 2
5.45 2
9.35 1
7.35 1
0.1 10
0.3 2
0.2 74
6.05 4
6.7 1
6.6 4
7.0 5
8.45 2
7.6 1
6.2 7
6.1 9
7.5 3
8.15 2
8.55 1
6.9 1
0.45 1
13.3 1
5.65 1
6.8 1
8.1 4
8.0 4
8.3 2
8.2 5
8.5 4
5.5 1
8.7 1
5.7 6
5.8 4
8.8 1
6.65 3
7.95 2
8.65 1
6.0 3
7.25 1
6.35 3
8.75 1
6.95 4
6.4 4
11.65 1
7.65 2
9.1 2
9.3 1
11.5 1
6.55 2
5.55 2
0.25 10
10.0 1
11.05 1
13.95 1
9.85 1
7.4 1
10.3 1
6.15 9
5.95 6
0.15 17
8.25 1
7.55 2
7.9 1
8.05 2
14.25 1
5.75 2
8.4 2
5.9 1
6.85 1
7.3 3
9.0 1
0.35 5
5.85 11
8.9 1
6.25 4
6.45 1
7.85 4
6.3 5
11.75 2
7.7 1
