31.55 1
21.25 1
19.65 1
1.15 3
26.65 1
21.55 1
34.95 1
28.45 1
2.15 2
27.75 2
3.65 1
24.8 2
26.5 1
1.85 1
26.0 1
29.25 1
1.05 1
19.75 1
24.5 1
24.1 2
24.3 1
22.0 1
22.1 1
22.6 1
22.7 2
22.9 1
3.15 1
3.4 1
2.2 1
2.0 2
2.6 1
20.3 2
20.4 1
20.6 1
19.85 1
26.45 1
22.35 1
24.55 1
28.65 1
27.05 1
27.55 1
0.95 20
27.0 1
27.7 1
27.5 1
27.4 2
27.9 1
27.8 1
25.0 1
25.3 2
25.2 1
25.7 1
25.6 1
26.55 1
1.65 4
23.3 1
23.2 1
23.1 1
23.0 1
24.65 1
32.4 1
1.4 29
21.65 1
0.8 34
25.75 1
20.15 1
21.4 2
28.05 1
21.0 1
21.8 1
30.55 1
0.05 1
20.85 1
1.55 13
20.25 1
26.85 1
0.85 104
21.15 3
2.65 1
31.1 1
1.45 14
0.9 61
1.5 21
1.6 6
1.0 6
1.1 1
1.2 13
1.3 28
0.1 10
1.8 1
1.9 1
27.25 1
28.25 1
23.5 1
18.85 1
1.35 45
24.15 1
20.45 1
0.75 3
29.5 1
25.95 2
1.25 22
