7.15 27
59.25 1
56.35 1
32.05 3
108.15 1
35.0 1
18.25 282
13.55 1
58.15 1
37.9 1
16.55 226
62.95 1
37.1 1
108.45 2
37.3 1
14.55 5
5.65 21
9.55 5
30.95 9
105.35 1
29.2 16
27.95 27
60.55 2
90.75 1
101.35 2
24.35 82
53.05 3
7.65 21
97.95 2
59.95 2
28.45 19
27.75 38
59.6 1
45.9 1
52.95 1
98.85 3
108.8 6
35.7 1
111.6 1
92.9 1
92.8 1
109.85 2
107.25 1
18.55 218
15.75 152
56.6 1
8.65 10
92.4 2
100.45 2
105.4 4
19.75 147
26.75 46
102.45 3
54.95 1
163.9 1
17.35 289
8.95 17
105.85 2
94.85 1
102.1 1
27.05 35
89.95 1
93.5 1
49.8 2
55.4 2
55.5 1
55.6 1
99.45 3
7.4 32
55.3 3
106.05 1
103.35 4
95.55 2
55.9 3
90.7 2
58.8 1
10.45 4
23.45 93
96.9 3
96.8 3
96.7 1
96.6 2
96.5 1
96.3 4
7.8 14
96.1 3
21.45 139
110.55 2
7.9 19
94.9 1
94.5 1
97.6 5
94.7 2
94.6 2
94.0 3
19.05 171
97.4 3
11.65 2
97.5 2
212.55 1
6.75 29
12.45 4
107.45 2
11.85 1
193.3 1
22.05 125
20.05 171
56.05 1
31.85 3
23.35 96
112.25 1
93.45 1
96.75 3
51.95 3
29.45 9
59.9 1
48.25 1
110.9 1
25.45 70
57.2 2
57.0 1
95.1 2
4.95 2
95.2 1
107.35 6
57.9 1
67.6 1
106.7 1
13.85 3
14.95 56
106.0 4
9.15 12
7.55 26
28.95 24
29.85 13
34.15 3
25.75 47
106.3 1
16.95 248
24.1 71
97.55 2
104.05 3
32.7 1
28.05 30
153.3 1
31.15 2
61.85 1
159.3 1
30.55 11
148.65 1
114.9 1
108.95 3
13.35 3
101.75 5
24.75 77
108.65 2
53.1 1
18.15 272
15.35 140
13.2 2
28.75 20
27.35 44
24.95 63
102.05 5
5.15 2
54.55 1
101.85 4
110.1 1
110.65 1
51.8 1
50.55 1
31.05 2
16.05 203
100.05 2
61.1 1
55.05 1
61.8 1
92.65 3
112.35 1
105.45 3
36.95 1
23.85 87
63.15 1
10.15 2
26.95 35
21.85 123
53.7 3
88.05 1
15.45 128
8.35 12
51.1 1
51.2 1
51.5 3
10.05 10
5.0 5
5.1 1
5.2 5
5.3 3
5.4 7
5.5 11
5.6 16
5.7 25
5.8 22
5.9 22
98.15 1
44.65 1
18.85 212
47.9 1
47.8 1
10.95 4
91.85 1
100.75 3
19.45 186
26.05 50
108.5 1
103.05 11
51.75 1
94.95 2
21.35 139
56.55 1
99.15 3
35.15 1
17.45 325
98.65 2
34.25 1
23.75 72
93.85 2
175.95 1
62.65 1
97.45 2
101.65 6
11.6 1
12.75 6
6.45 28
25.35 54
112.6 1
96.95 2
58.95 1
112.9 1
33.6 1
6.7 22
6.6 33
6.5 22
20.55 140
6.3 17
6.2 36
6.1 29
6.0 31
37.4 1
12.9 7
12.8 5
107.95 2
6.9 29
6.8 22
10.1 5
10.0 5
10.3 7
10.2 4
10.5 1
10.4 5
10.7 4
10.6 5
10.9 4
22.55 115
13.05 1
104.45 1
57.75 1
16.7 205
16.6 220
16.5 230
16.4 246
6.35 30
16.2 256
16.1 212
16.0 209
96.25 1
60.05 1
16.9 210
16.8 216
9.45 6
7.05 32
5.55 17
54.15 2
59.35 2
112.95 1
32.35 2
109.05 1
47.1 1
58.05 1
16.45 214
26.8 47
26.9 55
26.6 40
26.7 63
26.4 56
26.5 43
26.2 41
26.3 58
26.0 72
14.45 5
14.5 4
14.15 2
14.7 11
14.6 10
24.8 67
24.9 61
14.3 6
14.2 3
24.4 88
24.5 71
24.6 78
24.7 83
14.9 39
27.85 36
24.2 68
24.3 76
22.2 120
22.3 117
22.0 109
22.1 120
22.6 99
22.7 97
22.4 118
22.5 92
97.65 6
7.95 15
22.8 102
22.9 99
114.0 1
27.65 34
57.7 1
91.55 1
59.45 1
17.05 270
60.7 1
109.95 1
18.45 204
15.05 66
8.75 11
16.35 270
20.1 158
20.2 175
20.3 164
20.4 174
20.5 153
20.6 129
20.7 154
19.85 190
20.9 134
26.45 53
102.75 1
54.85 1
108.85 5
92.95 1
60.0 1
105.95 4
120.8 1
98.55 3
21.75 119
57.5 1
11.05 3
107.05 5
22.85 86
106.35 4
95.65 1
103.45 3
89.65 1
164.05 1
98.25 1
10.75 4
108.6 2
93.55 3
21.3 157
107.5 3
94.25 1
98.75 1
19.15 168
61.65 1
51.45 2
33.55 1
29.75 9
142.1 1
31.95 1
164.15 1
64.95 1
107.55 3
111.45 1
12.35 5
6.05 20
11.95 2
22.15 124
47.55 2
55.0 2
14.0 3
20.15 170
108.2 6
108.3 1
66.05 1
23.25 92
93.95 1
108.7 3
96.65 3
99.25 6
108.9 2
53.45 1
118.75 1
99.8 4
99.9 4
99.4 1
20.85 159
99.6 4
99.7 2
99.0 1
99.1 1
99.2 2
99.3 2
29.95 11
16.85 254
90.2 1
61.95 1
13.95 6
14.85 31
9.05 4
101.15 3
7.45 27
5.95 26
28.8 25
30.45 7
104.7 5
35.8 1
99.5 4
28.0 24
25.65 59
41.55 1
28.3 28
28.4 24
28.5 21
28.6 23
28.7 13
22.65 117
101.45 4
97.25 4
112.15 1
57.05 2
28.15 26
56.65 1
31.65 4
18.9 186
18.8 192
110.3 1
110.5 1
110.4 1
110.7 1
110.6 2
18.1 304
18.0 263
18.3 229
18.2 286
18.5 256
18.4 248
18.7 213
18.6 204
128.8 1
32.65 1
30.9 8
30.8 4
97.3 2
62.45 1
18.05 303
30.3 9
30.2 7
30.1 9
30.0 7
30.7 4
30.6 3
30.5 8
27.25 50
104.5 1
14.35 3
5.05 2
9.75 9
54.45 2
59.05 2
105.55 1
16.75 229
96.2 1
113.35 1
109.45 1
96.0 1
65.4 1
93.6 2
93.7 2
10.35 10
24.15 94
93.2 1
46.1 1
93.0 2
58.0 2
94.15 2
46.8 1
93.8 1
93.9 2
91.5 1
100.8 3
15.55 137
45.35 1
11.25 2
8.05 17
100.2 1
100.0 3
101.8 3
91.8 1
52.45 1
100.4 3
100.5 3
103.5 5
26.15 46
111.15 3
51.05 1
107.85 2
28.9 17
17.55 315
28.2 26
106.45 2
55.15 2
11.3 1
94.4 3
100.65 6
48.8 1
48.9 1
94.65 1
103.4 5
19.55 175
103.15 3
102.9 4
102.0 7
102.95 2
108.75 2
102.3 5
102.4 3
102.5 5
102.6 5
102.7 7
7.2 20
7.3 37
7.0 36
7.1 26
7.6 32
7.7 22
104.8 7
28.1 31
104.6 6
21.25 134
104.4 5
97.1 3
104.2 5
104.3 9
104.0 4
104.1 3
95.8 1
95.9 4
102.25 3
106.8 3
106.9 2
95.0 3
106.5 3
106.6 4
95.3 1
95.4 5
95.5 1
95.6 1
23.65 84
11.45 3
106.75 1
95.25 5
103.85 2
6.55 23
12.65 2
25.25 67
96.85 3
58.85 1
31.55 1
106.95 4
20.65 156
56.25 1
52.0 1
30.05 10
29.25 18
12.2 2
32.2 1
13.45 2
104.75 3
22.25 135
12.1 2
6.4 30
107.15 2
12.7 6
93.65 2
96.15 4
12.6 3
14.75 21
5.45 13
9.35 13
7.35 32
34.6 1
17.85 300
12.4 1
32.25 1
34.1 2
25.55 59
90.15 1
108.25 4
30.15 8
107.75 1
31.35 5
30.75 12
92.15 1
105.15 3
168.4 1
24.55 67
104.25 3
7.85 13
97.75 3
28.65 20
91.75 1
8.45 10
31.0 12
27.55 38
31.1 1
53.85 2
5.35 11
102.65 1
17.15 298
110.8 1
42.0 1
110.95 1
18.75 199
15.15 89
7.5 34
16.25 261
36.55 1
33.75 1
61.75 1
62.6 1
13.75 3
62.4 1
19.95 134
62.2 1
26.55 42
62.0 1
32.9 1
32.8 1
109.15 1
15.85 197
92.85 1
10.8 2
32.1 8
32.0 4
32.3 1
105.65 1
32.5 2
60.1 1
60.2 1
32.6 2
56.9 1
56.8 1
21.65 137
56.3 1
99.65 3
11.15 4
103.55 2
22.95 92
56.5 1
56.4 1
158.15 1
32.55 2
52.75 1
99.55 1
10.65 4
63.35 1
83.25 1
17.65 333
8.0 23
8.3 13
8.2 7
8.5 16
8.4 12
8.7 12
8.6 13
8.9 19
8.8 6
110.75 3
45.65 1
33.05 1
100.95 2
91.65 1
111.0 1
94.55 3
19.25 194
26.25 52
16.3 261
105.75 4
12.05 2
59.0 1
20.25 170
104.35 2
25.85 58
6.15 23
12.25 1
21.15 156
12.3 4
100.25 6
30.4 8
95.85 1
57.85 2
58.5 1
58.4 3
58.7 1
98.45 1
58.1 1
6.85 29
23.15 93
58.2 1
96.55 1
59.7 1
58.9 1
29.65 15
100.55 2
95.75 1
106.25 2
21.05 158
29.35 15
20.95 151
19.4 159
19.5 163
19.6 186
19.7 166
19.0 196
19.1 170
19.2 179
19.3 173
110.35 2
19.8 164
19.9 167
24.25 104
99.05 2
30.35 8
68.1 1
13.8 2
13.9 3
13.6 2
13.7 3
13.4 5
13.5 2
25.15 62
13.3 2
13.0 7
13.1 5
99.85 3
13.15 7
22.75 98
104.65 1
11.9 3
101.55 3
97.35 4
11.4 2
57.15 1
28.25 27
11.7 3
11.0 5
11.1 3
11.2 5
31.75 2
17.2 291
17.3 322
17.0 252
17.1 274
17.6 315
17.7 299
17.4 311
17.5 331
29.15 27
17.8 274
17.9 299
60.9 1
32.15 4
18.35 243
57.1 1
8.85 17
114.15 2
108.55 2
14.25 2
9.65 6
11.55 1
5.75 21
54.75 1
15.0 56
15.1 82
15.2 125
15.3 118
15.4 115
15.5 161
15.6 138
15.7 156
15.8 202
15.9 219
50.75 2
55.95 1
16.65 181
5.85 29
107.1 4
97.85 2
7.75 23
50.35 1
107.0 3
107.3 3
109.55 2
104.95 1
97.8 1
98.95 3
10.25 6
52.7 1
91.35 1
52.5 2
94.05 2
107.4 3
63.2 1
50.8 1
15.65 153
106.4 2
8.15 13
50.4 1
97.9 1
19.65 153
26.65 48
108.05 1
98.0 1
102.55 3
17.25 278
32.85 2
24.05 81
27.15 44
31.25 6
95.05 1
26.1 48
56.1 1
99.35 3
14.4 5
95.45 1
106.55 2
114.5 1
54.25 2
10.55 6
23.55 89
83.15 1
14.1 3
21.55 141
53.15 1
30.85 6
88.6 1
88.7 1
38.95 1
52.25 2
49.75 1
98.05 2
54.8 1
105.05 6
103.95 2
54.0 1
54.3 2
106.65 1
54.6 1
113.7 1
113.4 2
113.5 1
12.55 4
6.65 26
24.0 76
93.4 2
14.8 19
106.85 1
101.95 3
36.85 1
20.75 160
93.3 2
29.55 13
91.25 2
109.9 1
109.8 2
109.6 1
109.5 2
109.4 1
109.2 2
22.35 102
109.65 2
38.05 1
92.2 1
24.45 52
114.8 1
8.1 16
28.55 29
14.65 10
9.25 12
113.55 1
7.25 24
104.85 6
106.2 1
28.85 19
17.95 324
101.05 4
27.3 43
27.2 46
27.1 47
27.0 45
27.7 29
27.6 38
27.5 43
27.4 36
35.2 1
27.9 23
27.8 31
31.8 1
100.9 3
25.1 68
25.0 71
25.3 53
25.2 64
25.5 62
25.4 74
25.7 66
25.6 63
25.9 49
25.8 59
30.65 10
23.7 71
23.6 98
23.5 85
23.4 84
23.3 103
23.2 110
23.1 89
23.0 107
13.25 5
115.9 1
24.65 80
113.65 1
104.15 4
23.9 86
23.8 83
33.4 1
18.65 181
15.25 119
33.7 1
8.55 17
33.1 1
102.35 2
33.3 3
27.45 41
33.8 2
33.9 2
24.85 61
5.25 5
9.95 6
102.15 2
32.45 1
55.75 2
21.5 126
21.4 141
21.7 124
21.6 123
21.1 146
21.0 143
16.15 254
21.2 140
33.85 2
100.6 6
113.1 1
21.9 141
21.8 119
100.7 3
9.8 4
9.9 6
15.95 216
9.4 7
9.5 5
9.6 12
9.7 5
9.0 8
9.1 10
9.2 8
9.3 11
101.7 5
101.6 1
101.5 5
101.4 5
101.3 3
101.2 2
26.85 46
101.0 2
21.95 115
88.35 1
99.75 2
101.9 2
37.95 1
12.0 4
8.25 14
103.7 2
103.6 4
103.1 1
103.0 3
103.3 4
103.2 1
108.0 2
103.9 6
103.8 1
23.95 67
111.35 1
71.5 1
17.75 291
37.05 1
108.1 1
18.95 167
93.35 1
31.6 4
31.7 3
31.4 2
31.5 5
31.2 6
31.3 4
100.85 5
94.45 2
19.35 157
26.35 52
102.85 3
51.65 2
57.95 1
20.35 192
57.8 1
32.95 1
14.05 4
105.9 4
105.8 7
53.25 1
105.3 5
105.2 3
105.1 5
105.0 2
105.7 2
105.6 4
95.95 2
107.9 3
107.8 4
6.95 35
111.5 1
34.35 2
23.05 99
12.5 3
107.2 3
4.9 1
96.45 3
107.7 2
107.6 2
98.1 2
103.65 6
98.3 3
98.2 2
98.5 3
98.4 1
98.7 1
98.6 2
98.9 1
98.8 1
43.95 1
20.0 190
111.2 1
51.15 1
10.85 3
33.65 1
100.1 3
20.45 149
56.45 1
31.45 1
29.9 11
29.8 16
30.25 10
29.5 12
29.4 14
29.7 6
29.6 17
29.1 14
29.0 18
29.3 15
25.05 68
91.95 1
13.65 2
22.45 122
104.55 3
100.35 3
57.65 2
28.35 18
111.4 1
20.8 161
12.15 4
6.25 25
25.95 46
95.7 1
93.05 1
111.3 2
9.85 6
29.05 18
111.8 2
111.25 1
104.9 2
