7.15 1
3.75 2
6.7 1
7.1 1
6.1 1
6.0 5
0.45 913
4.35 3
1.15 34
1.85 6
2.15 3
4.05 1
3.65 1
6.05 3
0.55 258
3.55 1
1.05 50
2.25 4
5.45 1
7.5 1
3.15 7
3.6 3
3.7 1
2.9 25
2.8 34
3.2 4
3.0 20
3.1 5
2.3 4
2.2 3
2.1 6
2.0 1
2.7 38
2.6 28
2.5 10
2.4 4
2.35 5
1.95 4
0.25 24329
1.75 10
3.35 3
5.65 5
3.05 16
5.35 1
3.85 1
4.65 4
0.35 6002
1.65 12
3.95 1
4.95 1
1.5 11
1.4 12
2.85 22
7.55 1
5.25 1
2.55 22
0.05 1
0.85 31
0.95 35
1.8 5
1.55 17
1.9 4
0.15 5240
4.45 1
2.45 3
2.65 34
3.4 1
3.5 2
1.45 8
0.9 42
0.8 51
1.6 10
1.7 4
1.0 40
1.1 42
1.2 39
1.3 25
0.1 1522
0.3 14080
0.2 15703
0.5 315
0.4 3068
0.7 72
0.6 123
5.05 1
5.55 1
0.65 75
4.55 1
5.1 1
4.7 1
4.6 1
4.1 1
5.5 4
4.3 1
5.7 3
5.8 2
5.9 4
2.75 41
4.8 1
3.25 5
3.9 2
1.35 15
3.45 1
4.4 2
0.75 59
5.95 1
5.75 5
4.0 1
2.95 22
5.6 2
4.25 1
4.2 1
5.85 3
7.75 1
2.05 4
1.25 26
