7.15 34
35.8 13
35.9 16
32.05 51
35.2 21
35.3 22
35.0 13
35.1 14
35.6 28
18.25 3
35.4 10
35.5 19
37.8 14
37.9 16
292.25 1
56.85 1
37.0 21
37.1 25
37.2 15
37.3 17
37.4 18
40.15 19
37.6 12
9.55 46
30.95 45
47.45 17
401.1 1
27.95 85
41.25 15
50.65 11
42.7 12
24.35 149
7.65 26
32.75 35
290.9 1
28.45 78
316.0 1
277.9 1
27.75 120
45.9 20
45.8 21
45.3 22
45.2 19
45.1 9
45.0 23
45.7 23
45.6 21
45.5 10
45.4 23
292.85 1
44.55 12
41.85 12
18.55 10
15.75 4
45.15 20
297.85 1
8.65 40
55.75 2
298.7 1
19.75 44
277.55 1
26.75 104
40.65 15
55.45 1
51.25 12
54.95 4
16.55 5
17.35 7
8.95 38
49.6 21
49.5 10
49.4 9
49.3 18
27.05 108
41.95 26
49.0 20
50.15 15
276.05 1
49.9 14
33.55 28
55.4 1
276.7 2
276.0 1
55.3 2
47.35 25
55.8 1
282.6 1
10.45 29
34.75 11
23.45 154
347.45 1
53.05 2
21.45 165
44.25 20
329.5 1
45.85 15
41.05 11
86.4 1
94.1 1
38.85 12
52.15 2
49.65 10
19.05 23
51.7 7
5.65 1
11.65 19
37.55 16
275.4 2
38.65 21
6.75 26
12.45 12
39.35 9
152.55 1
11.85 25
35.55 14
22.05 191
12.5 16
20.05 61
31.85 45
23.35 144
43.25 19
46.65 32
402.5 1
29.45 73
49.7 15
39.45 9
53.75 3
48.25 13
52.35 4
25.45 125
57.2 1
41.75 18
4.95 2
55.65 1
314.0 2
199.1 1
13.85 17
24.05 150
321.6 1
9.15 34
7.55 31
28.95 77
358.85 1
29.85 61
25.75 114
41.65 6
323.5 1
280.85 1
16.95 4
127.9 1
291.15 1
28.05 87
39.85 12
303.45 1
31.15 51
30.55 71
313.05 1
11.45 28
13.35 12
24.75 141
42.65 8
395.15 1
44.95 22
53.1 2
18.15 7
15.35 4
41.9 13
41.8 12
41.7 19
41.6 17
41.5 9
41.4 12
27.35 102
41.2 11
41.1 17
41.0 15
295.25 1
290.6 1
24.95 121
43.9 18
43.8 15
5.15 4
43.5 17
43.4 16
43.7 1
43.6 15
43.1 14
43.0 14
43.3 13
43.2 20
15.45 8
50.55 17
31.05 55
45.45 25
16.05 6
36.75 13
33.95 30
61.15 1
177.65 1
61.5 1
171.25 1
311.05 1
36.95 14
23.85 176
53.9 1
377.7 1
53.2 1
26.95 87
53.0 2
21.85 182
53.6 3
48.95 22
53.4 1
53.5 1
51.8 5
51.9 6
8.35 32
50.85 8
51.2 5
51.0 7
51.1 9
52.55 4
51.3 10
274.85 1
51.5 5
14.15 14
10.05 41
5.0 3
5.1 2
5.2 5
5.3 8
5.4 4
5.5 3
5.6 4
37.15 13
5.8 5
5.9 6
44.65 14
349.65 1
18.85 16
47.9 19
47.8 26
10.95 33
51.6 3
33.25 34
47.1 24
47.0 24
47.3 24
47.2 18
19.45 34
47.4 24
26.05 108
47.6 26
278.8 1
47.65 11
355.1 1
290.65 1
51.65 6
15.8 7
311.9 1
326.25 1
281.15 1
278.4 1
38.25 15
357.4 1
226.0 1
21.35 154
53.35 4
11.8 27
35.15 25
17.45 3
49.15 13
12.95 18
34.25 27
23.75 141
43.65 13
388.4 1
76.05 1
11.35 31
337.45 1
209.45 1
11.6 31
383.55 1
12.75 14
6.45 21
25.35 136
43.85 14
149.7 1
18.65 11
11.0 39
375.55 1
15.25 6
12.3 20
6.6 27
12.1 21
20.55 99
12.7 17
6.2 21
6.1 17
6.0 4
8.55 36
30.15 60
12.8 13
6.9 35
6.8 27
10.1 28
10.0 39
10.3 41
10.2 34
10.5 34
10.4 49
10.7 44
10.6 45
10.9 33
22.55 184
42.25 17
47.95 28
371.7 1
16.7 2
16.6 5
16.5 3
17.1 2
6.35 24
12.05 19
34.95 19
25.85 87
43.15 13
46.35 18
29.35 67
16.8 8
9.45 35
69.8 1
7.05 23
5.55 3
310.55 1
85.05 1
32.35 35
73.7 1
459.1 1
284.15 1
16.45 4
26.8 108
26.9 111
26.6 109
26.7 100
26.4 106
26.5 111
26.2 105
26.3 117
26.0 115
26.1 134
31.25 58
14.4 11
14.7 7
14.6 15
24.8 153
24.9 135
14.3 9
14.2 8
24.4 122
24.5 148
24.6 151
24.7 131
24.0 166
24.1 149
41.15 18
24.3 147
22.2 157
22.3 191
22.0 140
22.1 174
24.45 126
22.7 175
22.4 184
22.5 209
7.95 25
22.8 194
22.9 197
27.65 87
266.85 1
178.8 1
17.05 6
236.9 1
79.2 1
32.15 49
18.45 5
15.05 3
45.05 15
8.75 32
20.0 74
20.1 70
33.65 29
20.3 75
20.4 84
20.5 88
20.6 119
20.7 92
19.85 57
20.9 148
26.45 108
40.75 10
54.8 2
54.85 1
285.95 1
273.75 1
39.0 13
278.1 1
73.8 1
13.2 13
50.05 19
281.1 1
381.0 1
49.2 19
374.55 1
21.75 179
51.4 3
49.1 17
47.5 25
50.25 18
11.05 34
22.85 184
35.7 15
47.25 24
52.05 5
49.55 19
282.4 1
10.75 38
34.65 21
85.45 1
43.55 13
503.7 1
278.7 1
84.55 1
44.35 14
54.65 1
16.15 12
45.75 22
36.45 16
332.55 1
19.15 27
36.35 12
6.7 21
119.55 1
51.45 7
51.85 6
271.2 1
11.75 29
37.65 18
31.95 43
38.55 17
55.5 2
12.35 16
6.05 8
283.85 1
11.95 21
35.25 18
22.15 174
47.55 19
40.05 13
20.15 68
23.25 175
108.6 1
46.75 13
29.75 62
7.35 27
39.55 14
53.45 2
48.35 13
309.5 1
6.5 25
12.9 10
20.85 119
310.3 1
309.4 1
41.45 14
17.85 3
285.0 1
29.95 69
16.85 5
13.95 8
24.15 147
9.05 38
150.0 1
7.45 36
5.95 5
28.8 74
30.45 66
28.0 100
25.65 113
28.2 104
28.3 84
28.4 72
28.5 84
28.6 92
28.7 82
22.65 195
42.75 15
9.7 46
28.15 77
31.65 55
6.3 20
396.05 1
18.9 22
18.8 11
18.1 3
18.0 4
18.3 6
18.2 3
18.5 5
18.4 9
13.05 17
18.6 10
32.65 35
30.9 52
30.8 55
18.05 7
30.3 78
30.2 51
30.1 81
30.0 82
30.7 60
30.6 64
30.5 68
27.25 92
38.3 8
38.2 23
38.1 18
38.0 15
38.7 20
38.6 18
38.5 16
40.35 15
5.05 1
9.75 37
38.9 25
38.8 13
51.35 9
14.45 9
50.45 11
5.7 1
16.75 6
36.65 7
291.8 1
293.0 1
6.4 23
291.7 1
283.5 1
46.4 22
46.5 18
10.35 28
36.85 19
46.0 12
46.1 20
46.2 18
46.3 26
42.85 10
46.8 15
46.9 19
28.1 96
51.95 7
15.55 5
45.35 13
75.05 1
8.05 35
284.25 1
273.95 1
37.7 13
52.45 1
49.95 10
94.8 1
14.85 3
26.15 112
40.85 15
72.05 2
51.05 4
28.9 66
17.55 11
37.25 16
34.85 19
32.95 43
281.5 1
44.75 14
48.2 22
48.3 21
48.0 28
48.1 25
48.6 22
48.7 26
48.4 18
10.85 43
36.15 13
33.35 37
48.8 20
48.9 14
529.95 1
19.55 44
277.2 1
47.15 21
359.75 1
28.75 65
277.8 1
7.2 26
7.3 32
7.0 28
7.1 36
7.6 28
7.7 18
7.4 32
7.5 23
21.25 145
7.8 40
7.9 28
104.2 1
41.55 13
131.35 1
293.9 1
44.05 11
285.1 1
49.05 22
283.35 1
12.85 25
34.15 10
23.65 172
44.6 11
44.7 18
44.4 16
44.5 13
44.2 20
44.3 11
44.0 26
44.1 15
44.8 17
44.9 18
265.7 1
6.55 30
12.65 21
25.25 135
330.2 1
269.35 1
20.65 112
369.35 1
30.05 81
287.15 2
29.25 56
370.05 1
39.65 10
53.95 5
48.45 25
12.2 16
307.2 1
13.45 12
35.75 13
22.25 172
42.35 17
47.85 25
38.15 9
12.0 28
117.95 1
43.05 14
46.45 20
74.85 1
349.1 2
31.55 50
14.75 10
5.45 6
9.35 30
34.9 27
34.8 24
34.7 21
34.6 17
34.5 23
34.4 26
34.3 20
34.2 26
34.1 21
34.0 33
25.55 124
50.5 8
53.85 2
36.9 11
36.8 11
36.5 13
36.4 14
36.7 11
36.6 19
36.1 21
36.0 16
36.3 12
36.2 14
46.05 19
31.35 52
261.4 1
30.75 64
281.65 1
31.5 54
24.55 137
42.45 12
7.85 35
317.1 1
28.65 83
40.8 8
8.45 34
410.65 1
27.55 104
39.15 9
40.2 14
40.3 5
40.0 17
40.1 6
40.6 10
40.7 8
40.4 11
40.5 14
42.8 7
42.9 12
48.75 13
17.15 8
42.0 16
42.1 8
42.2 5
42.3 10
42.4 15
42.5 12
18.75 8
15.15 9
301.15 1
16.25 7
36.55 12
33.75 38
5.35 5
13.75 6
19.95 66
26.55 94
40.45 10
259.0 1
32.9 36
32.8 40
320.2 1
343.65 1
15.85 8
18.7 12
49.8 21
10.8 27
32.1 43
32.0 54
32.3 57
32.2 45
32.5 48
32.4 47
32.7 29
32.6 49
56.8 1
21.65 172
35.65 17
497.65 1
56.2 1
11.15 33
37.85 20
22.95 200
56.5 2
56.4 1
32.55 53
279.6 2
52.75 12
49.45 15
278.35 1
10.65 37
34.55 21
329.75 1
40.25 12
8.1 38
37.75 15
8.3 32
8.2 35
8.5 25
8.4 30
8.7 40
8.6 37
8.9 40
8.8 40
45.65 13
48.5 16
33.05 41
16.4 4
75.9 1
42.6 15
19.25 29
26.25 123
16.3 4
51.55 8
308.8 1
16.2 7
20.25 92
16.1 2
38.35 12
348.15 1
16.0 10
272.0 1
6.15 15
12.25 22
21.15 128
53.55 3
48.05 20
35.35 17
269.3 1
30.4 69
80.55 1
49.35 13
350.2 1
327.5 1
58.1 1
6.85 27
23.15 191
43.45 18
46.85 14
80.65 1
59.7 1
29.65 70
74.7 1
14.55 7
189.95 1
16.9 6
14.35 10
20.95 123
69.85 1
19.4 38
19.5 44
19.6 44
19.7 50
19.0 28
19.1 17
19.2 27
19.3 35
320.8 1
38.4 13
19.8 59
19.9 42
24.25 145
42.95 5
72.95 1
68.6 1
30.35 73
13.8 12
13.9 9
13.6 10
13.7 8
13.4 16
13.5 13
25.15 125
13.3 22
13.0 17
13.1 16
338.4 1
13.15 17
35.85 14
22.75 211
42.05 10
11.9 18
11.4 34
11.5 28
28.25 93
11.7 22
37.5 19
11.1 41
11.2 39
31.75 51
17.2 5
17.3 7
17.0 6
46.15 18
17.6 6
17.7 3
17.4 6
17.5 8
29.15 90
17.8 2
17.9 9
281.25 1
376.4 1
60.45 1
127.4 1
18.35 6
297.15 1
8.85 36
80.95 1
284.75 2
52.85 3
14.25 8
9.65 44
272.25 1
5.75 7
54.75 2
15.0 8
15.1 8
15.2 7
15.3 9
15.4 6
15.5 4
15.6 11
15.7 7
41.35 11
15.9 5
50.75 13
55.95 1
16.65 9
5.85 5
7.75 31
50.35 5
137.4 1
90.85 1
76.65 1
50.95 8
49.85 11
408.4 1
10.25 42
52.9 1
52.8 6
52.7 2
52.6 9
52.5 1
52.4 3
52.3 1
52.2 6
52.1 6
52.0 6
44.45 10
50.9 9
50.8 9
15.65 3
45.25 13
8.15 23
50.4 14
50.7 12
50.6 9
50.1 11
50.0 14
50.3 7
50.2 13
19.65 54
26.65 95
40.95 16
51.15 5
293.55 1
17.25 3
37.35 12
32.85 31
14.95 8
27.15 85
276.15 1
36.05 14
33.45 28
364.7 1
14.5 8
349.2 1
47.05 24
40.9 11
10.55 35
34.05 22
23.55 156
14.1 6
21.55 151
53.15 1
30.85 45
45.95 25
266.25 1
38.95 12
52.25 3
49.75 20
239.1 1
39.25 13
501.8 1
53.3 2
394.6 1
11.55 28
37.45 18
54.0 2
54.3 1
54.2 2
513.4 1
54.6 3
38.75 12
327.55 1
12.55 19
6.65 30
14.9 10
46.6 17
51.75 9
27.85 81
46.7 18
24.2 143
20.75 95
54.9 3
29.55 69
39.75 14
53.65 2
48.55 12
13.55 13
35.45 15
22.35 162
283.05 1
38.05 17
52.95 2
22.6 179
354.95 1
4.85 1
54.05 2
43.35 9
46.55 17
291.55 1
17.65 2
318.15 1
28.55 76
14.65 8
9.25 29
8.0 27
7.25 26
513.15 1
28.85 69
17.95 5
27.3 81
27.2 94
27.1 84
27.0 102
27.7 95
27.6 97
27.5 106
27.4 90
27.9 100
27.8 75
281.85 1
25.1 111
25.0 131
25.3 123
25.2 133
25.5 141
25.4 148
25.7 126
25.6 109
25.9 117
25.8 111
30.65 75
23.7 186
23.6 180
23.5 147
23.4 184
23.3 190
23.2 208
23.1 187
23.0 169
13.25 14
285.45 1
24.65 135
42.55 14
23.9 158
23.8 172
33.4 31
33.5 32
33.6 28
33.7 32
33.0 39
33.1 44
33.2 27
33.3 32
284.1 1
27.45 85
271.05 1
33.8 25
33.9 26
427.45 1
24.85 136
40.55 15
5.25 2
9.95 39
39.8 17
39.9 12
39.6 11
39.7 12
39.4 17
32.45 45
39.2 13
39.3 13
44.85 15
39.1 9
21.5 161
21.4 171
21.7 163
21.6 164
21.1 123
21.0 128
21.3 129
21.2 144
33.85 27
328.35 1
21.9 167
21.8 155
271.25 1
32.25 43
280.7 1
9.8 31
9.9 40
15.95 4
9.4 38
9.5 39
9.6 19
25.05 138
9.0 39
9.1 28
9.2 33
9.3 37
230.15 1
26.85 97
275.85 1
21.95 163
48.85 20
53.7 2
11.25 32
37.95 14
8.25 27
52.65 2
54.45 1
10.15 32
34.45 21
23.95 147
17.75 7
37.05 16
39.5 14
44.15 12
375.15 1
18.95 27
45.55 15
31.6 55
31.7 57
31.4 55
33.15 45
31.2 52
31.3 68
31.0 62
31.1 61
279.4 1
19.35 32
26.35 120
286.7 1
31.8 53
31.9 46
71.95 1
286.35 1
20.35 91
14.05 10
12.6 11
297.95 1
21.05 135
53.25 2
48.15 18
35.05 16
65.85 1
288.0 1
47.75 22
49.25 24
71.4 1
6.95 30
34.35 28
23.05 172
43.75 18
46.95 19
181.0 1
55.15 1
47.7 21
38.45 19
41.3 18
378.05 1
43.95 12
16.35 5
336.65 1
77.25 1
36.25 10
12.4 17
39.95 15
292.7 1
20.2 82
14.8 7
20.45 68
31.45 49
61.45 1
29.9 81
29.8 73
30.25 61
29.5 62
29.4 66
29.7 72
29.6 75
29.1 80
29.0 66
29.3 74
29.2 78
48.65 21
13.65 13
35.95 17
22.45 203
42.15 9
78.4 1
28.35 64
20.8 118
12.15 24
6.25 19
25.95 110
11.3 27
46.25 31
9.85 31
29.05 83
39.05 16
