18.25 10
16.55 38
14.55 42
27.95 2
24.35 7
28.45 2
27.75 2
18.55 19
15.75 40
19.75 14
26.75 8
17.35 22
27.05 2
47.35 1
23.45 15
21.45 10
19.05 24
22.05 13
20.05 15
23.35 13
48.25 1
25.45 4
13.85 36
14.95 25
25.75 12
16.95 36
64.15 1
24.75 5
44.95 1
18.15 9
15.35 21
28.75 3
27.35 1
24.95 6
43.8 1
15.45 25
16.05 36
23.85 6
26.95 9
21.85 7
51.8 1
52.55 1
17.45 20
18.85 22
19.45 23
26.05 7
21.35 12
23.75 9
25.35 8
20.55 10
30.15 1
13.75 29
22.55 11
16.7 49
16.6 34
16.5 42
16.4 27
16.3 31
16.2 52
16.1 38
25.85 6
16.9 28
16.8 26
16.45 42
26.8 4
26.9 2
26.6 5
26.7 1
26.4 3
26.5 4
26.2 8
26.3 3
26.0 8
26.1 6
31.25 1
14.4 32
14.7 35
14.6 37
14.1 20
24.9 11
14.3 12
14.2 21
24.4 8
24.5 4
24.6 6
24.7 4
14.9 29
14.8 31
24.2 7
24.3 11
22.2 12
22.3 17
22.0 12
22.1 13
24.45 13
22.7 10
22.4 7
22.5 5
22.8 7
22.9 9
27.65 3
17.05 24
18.45 16
15.05 20
16.35 38
20.1 11
20.2 7
20.3 18
20.4 8
20.5 18
20.6 9
20.7 13
20.8 9
20.9 16
26.45 3
21.75 13
22.85 6
21.3 13
19.15 10
22.15 12
20.15 17
23.25 10
29.75 2
39.55 1
20.85 14
16.85 33
13.95 28
24.15 10
28.8 1
28.0 1
25.65 8
28.2 2
28.3 3
28.4 2
28.5 1
28.6 1
28.7 2
22.65 8
28.15 1
18.9 18
18.8 17
18.1 23
18.0 21
18.3 14
18.2 22
18.5 22
18.4 21
18.7 20
18.6 20
18.05 23
27.25 2
14.35 22
16.75 36
14.85 19
15.55 54
26.15 2
17.55 23
48.2 1
48.7 1
48.8 1
48.9 1
19.55 17
28.1 2
21.25 11
23.65 12
44.8 1
25.25 7
20.65 12
13.45 2
22.25 9
14.75 28
17.85 14
25.55 4
24.55 4
28.65 1
40.8 1
27.55 2
40.1 1
17.15 22
18.75 21
15.15 30
143.25 1
16.25 41
19.95 14
26.55 5
15.85 35
21.65 7
22.95 3
17.65 20
19.25 21
26.25 4
20.25 9
16.0 45
21.15 17
48.05 1
23.15 10
43.45 1
20.95 15
19.4 18
19.5 16
19.6 21
19.7 22
19.0 22
19.1 30
19.2 18
19.3 21
19.8 19
19.9 17
24.25 13
13.8 30
13.9 26
13.6 6
13.7 26
13.4 2
13.5 6
25.15 8
13.3 1
22.75 5
27.85 2
28.25 2
17.2 19
17.3 22
17.0 32
17.1 27
17.6 18
17.7 17
17.4 20
17.5 25
29.15 1
17.8 19
17.9 11
18.35 10
14.25 23
15.0 16
15.1 33
15.2 21
15.3 17
15.4 29
15.5 35
15.6 39
15.7 38
15.8 41
15.9 28
16.65 43
52.8 1
52.6 1
52.4 1
50.8 1
15.65 37
50.3 1
19.65 17
26.65 4
17.25 23
24.05 13
27.15 2
14.45 39
14.5 47
23.55 7
24.8 9
21.55 9
14.0 31
54.0 1
54.3 1
24.0 11
24.1 6
20.75 13
13.55 9
22.35 10
22.6 12
28.55 2
14.65 52
28.85 3
17.95 14
27.3 3
27.2 6
27.1 4
27.0 5
27.7 3
27.5 3
27.4 4
27.9 1
27.8 5
25.1 11
25.0 10
25.3 10
25.2 5
25.5 3
25.4 6
25.7 3
25.6 10
25.9 11
25.8 3
23.7 11
23.6 6
23.5 9
23.4 4
23.3 9
23.2 7
23.1 12
23.0 8
24.65 13
23.9 14
23.8 6
18.65 22
15.25 19
27.45 3
14.15 17
21.5 5
21.4 8
21.7 7
21.6 12
21.1 10
21.0 13
16.15 46
21.2 6
21.9 13
21.8 5
15.95 57
25.05 11
26.85 3
21.95 10
23.95 7
17.75 20
18.95 27
31.0 1
19.35 9
26.35 4
20.35 13
21.05 14
24.85 8
23.05 7
20.0 14
20.45 10
29.8 1
29.4 2
29.7 2
29.6 1
29.3 1
29.2 1
13.65 17
22.45 4
28.35 2
19.85 16
14.05 18
25.95 11
