0.254,280
0.17,280
0.164,280
0.175,280
0.148,280
0.148,280
0.14,280
0.176,280
0.146,280
0.156,280
0.156,280
0.149,280
0.175,280
0.146,280
0.152,280
0.137,280
0.135,280
0.137,280
0.136,280
0.147,280
0.145,280
0.169,280
0.147,280
0.148,280
0.135,280
0.149,280
0.148,280
0.147,280
0.161,280
0.134,280
0.147,280
0.15,280
0.135,280
0.148,280
0.149,280
0.135,280
0.146,280
0.137,280
0.149,280
0.147,280
0.148,280
0.151,280
0.151,280
0.148,280
0.15,280
0.148,280
0.147,280
0.148,280
0.146,280
0.15,280
0.147,280
0.15,280
0.148,280
0.146,280
0.196,280
0.135,280
0.145,280
0.147,280
0.148,280
0.148,280
0.153,280
0.18,280
5.888,280
0.184,280
0.149,280
0.178,280
0.161,280
6.897,280
0.175,280
0.162,280
0.177,280
8.378,280
9.392,280
0.208,280
0.303,280
7.109,280
7.689,280
0.167,280
0.171,280
0.176,280
0.31,280
0.181,280
7.189,280
0.165,280
0.184,280
8.46,280
0.167,280
0.169,280
0.167,280
6.859,280
0.162,280
7.024,280
0.152,280
8.181,280
0.17,280
0.176,280
0.169,280
0.171,280
0.228,280
7.596,280
0.165,280
6.77,280
8.674,280
8.135,280
9.248,280
0.17,280
0.169,280
6.79,280
8.164,280
0.192,280
8.552,280
0.159,280
6.891,280
7.651,280
0.168,280
7.033,280
0.181,280
9.872,280
7.29,280
6.715,280
6.632,280
6.476,280
0.165,280
7.035,280
0.162,280
9.301,280
7.183,280
0.176,280
8.103,280
7.498,280
7.346,280
7.739,280
8.405,280
7.974,280
7.587,280
7.218,280
0.17,280
6.569,280
6.267,280
0.181,280
9.025,280
1.511,280
0.716,280
0.175,280
0.179,280
7.011,280
7.652,280
0.159,280
0.199,280
8.795,280
8.559,280
0.152,280
8.124,280
10.05,280
0.169,280
7.484,280
8.875,280
9.252,280
7.637,280
8.153,280
7.55,280
10.14,280
8.585,280
0.207,280
8.152,280
8.674,280
8.989,280
8.296,280
8.902,280
8.382,280
0.194,280
0.516,280
7.87,280
0.169,280
8.808,280
6.339,280
0.169,280
7.707,280
0.175,280
0.176,280
6.826,280
6.952,280
7.619,280
8.242,280
7.715,280
6.858,280
9.247,280
0.166,280
7.372,280
9.136,280
7.384,280
8.527,280
8.737,280
0.17,280
8.82,280
0.21,280
8.065,280
9.362,280
0.166,280
8.007,280
10.204,280
0.176,280
0.191,280
0.173,280
0.193,280
0.196,280
0.194,280
0.185,280
0.189,280
0.201,280
0.178,280
0.193,280
0.195,280
0.188,280
0.203,280
0.187,280
0.18,280
0.202,280
0.211,280
0.197,280
0.206,280
0.18,280
0.195,280
0.174,280
0.19,280
0.054,280
0.053,280
