0.064,280
0.94,280
1.019,280
1.207,280
0.873,280
1.194,280
21.744,280
0.973,280
1.458,280
0.908,280
0.954,280
0.982,280
27.256,280
0.912,280
1.149,280
0.925,280
0.881,280
0.958,280
19.356,280
0.906,280
1.18,280
0.946,280
0.861,280
0.857,280
21.051,280
0.916,280
1.129,280
0.921,280
0.887,280
0.923,280
21.369,280
0.93,280
1.17,280
0.882,280
0.848,280
0.99,280
22.722,280
0.937,280
1.192,280
0.916,280
0.932,280
0.988,280
21.545,280
0.919,280
1.571,280
1.465,280
4.139,280
1.014,280
30.433,280
0.911,280
1.14,280
0.917,280
0.872,280
0.918,280
19.174,280
0.944,280
1.142,280
0.927,280
0.918,280
0.921,280
23.913,280
0.915,280
1.123,280
0.924,280
1.571,280
1.093,280
22.824,280
0.921,280
1.15,280
0.914,280
0.896,280
0.954,280
22.418,280
0.953,280
1.103,280
0.904,280
0.859,280
0.945,280
18.674,280
0.943,280
1.174,280
0.928,280
0.865,280
0.979,280
19.376,280
0.909,280
1.195,280
0.949,280
0.864,280
0.957,280
17.137,280
0.93,280
1.146,280
0.803,280
0.803,280
0.855,280
17.712,280
0.953,280
1.206,280
0.954,280
0.857,280
0.827,280
24.747,280
0.944,280
1.286,280
0.941,280
0.916,280
0.958,280
20.64,280
0.955,280
1.404,280
0.937,280
1.365,280
0.943,280
24.061,280
0.926,280
1.543,280
0.837,280
1.74,280
0.904,280
19.863,280
0.9,280
1.132,280
0.909,280
5.076,280
0.985,280
25.909,280
0.887,280
1.112,280
0.933,280
0.96,280
0.946,280
20.688,280
0.9,280
1.093,280
0.927,280
0.86,280
0.946,280
17.746,280
0.79,280
1.072,280
1.272,280
0.921,280
1.003,280
19.244,280
0.063,280
0.069,280
