0.036,280
0.036,280
0.036,280
0.035,280
0.033,280
0.035,280
0.037,280
0.085,280
0.049,280
0.043,280
0.037,280
0.049,280
0.034,280
0.034,280
0.037,280
0.042,280
0.035,280
0.038,280
0.034,280
0.035,280
0.036,280
0.047,280
0.037,280
0.036,280
0.038,280
0.034,280
0.032,280
0.036,280
0.035,280
0.035,280
0.033,280
0.038,280
0.036,280
0.048,280
0.044,280
0.042,280
0.036,280
0.06,280
0.037,280
0.042,280
0.047,280
0.047,280
0.036,280
0.036,280
0.035,280
0.044,280
0.033,280
0.037,280
0.036,280
0.039,280
0.035,280
0.033,280
0.035,280
0.036,280
0.036,280
0.035,280
0.049,280
0.036,280
0.037,280
0.043,280
0.038,280
0.036,280
0.037,280
0.04,280
0.035,280
0.038,280
0.036,280
0.033,280
0.036,280
0.04,280
0.038,280
0.039,280
0.035,280
0.038,280
0.045,280
0.034,280
0.036,280
0.037,280
0.045,280
0.045,280
0.035,280
0.042,280
0.035,280
0.051,280
0.04,280
0.063,280
0.042,280
0.035,280
0.042,280
0.04,280
0.038,280
0.041,280
0.039,280
0.049,280
0.066,280
0.042,280
0.041,280
0.041,280
0.044,280
0.036,280
0.039,280
0.043,280
0.037,280
0.042,280
0.037,280
0.036,280
0.033,280
0.045,280
0.045,280
0.046,280
0.04,280
0.04,280
0.043,280
0.038,280
0.06,280
0.046,280
0.034,280
0.034,280
0.035,280
0.04,280
0.038,280
0.046,280
0.036,280
0.039,280
0.043,280
0.048,280
0.043,280
0.036,280
0.038,280
0.035,280
0.04,280
0.035,280
0.035,280
0.043,280
0.042,280
0.043,280
0.044,280
0.037,280
0.037,280
0.035,280
0.049,280
0.04,280
0.033,280
0.037,280
0.035,280
0.048,280
0.043,280
0.034,280
0.044,280
0.04,280
0.042,280
0.041,280
0.049,280
0.041,280
0.039,280
0.045,280
0.042,280
0.053,280
0.041,280
0.045,280
0.045,280
0.051,280
