0.068,280
0.07,280
0.075,280
0.06,280
0.083,280
0.081,280
0.077,280
0.086,280
0.089,280
0.094,280
0.068,280
0.092,280
0.074,280
0.072,280
0.07,280
0.062,280
0.114,280
0.067,280
0.072,280
0.067,280
0.076,280
0.067,280
0.074,280
0.08,280
0.069,280
0.074,280
0.074,280
0.069,280
0.103,280
0.072,280
0.068,280
0.075,280
0.069,280
0.069,280
0.086,280
0.078,280
0.07,280
0.087,280
0.073,280
0.074,280
0.081,280
0.068,280
0.076,280
0.079,280
0.074,280
0.091,280
0.072,280
0.077,280
0.071,280
0.079,280
0.073,280
0.068,280
0.07,280
0.079,280
0.078,280
0.067,280
0.081,280
0.095,280
0.088,280
0.079,280
0.074,280
0.079,280
0.074,280
0.074,280
0.078,280
0.073,280
0.07,280
0.075,280
0.069,280
0.069,280
0.073,280
0.072,280
0.069,280
0.069,280
0.068,280
0.07,280
0.074,280
0.076,280
0.077,280
0.096,280
0.133,280
0.072,280
0.073,280
0.076,280
0.073,280
0.082,280
0.087,280
0.068,280
0.082,280
0.069,280
0.068,280
0.072,280
0.083,280
0.082,280
0.075,280
0.077,280
0.075,280
0.075,280
0.069,280
0.105,280
0.069,280
0.073,280
0.07,280
0.095,280
0.074,280
0.077,280
0.07,280
0.119,280
0.078,280
0.068,280
0.071,280
0.073,280
0.073,280
0.075,280
0.069,280
0.07,280
0.073,280
0.073,280
0.072,280
0.072,280
0.069,280
0.07,280
0.087,280
0.074,280
0.072,280
0.069,280
0.075,280
0.071,280
0.072,280
0.074,280
0.071,280
0.075,280
0.072,280
0.076,280
0.072,280
0.073,280
0.096,280
0.077,280
0.075,280
0.074,280
0.084,280
0.073,280
0.075,280
0.092,280
0.072,280
0.085,280
0.075,280
0.076,280
0.072,280
0.086,280
0.089,280
0.089,280
0.075,280
0.096,280
0.081,280
0.071,280
0.09,280
0.072,280
0.078,280
0.072,280
0.07,280
0.077,280
0.074,280
0.077,280
0.069,280
0.076,280
0.08,280
0.081,280
0.081,280
0.074,280
0.085,280
0.084,280
0.074,280
0.076,280
0.076,280
0.073,280
0.082,280
0.074,280
0.112,280
0.088,280
0.068,280
0.092,280
0.086,280
0.089,280
0.09,280
0.081,280
0.074,280
0.12,280
0.072,280
0.073,280
0.071,280
0.08,280
0.073,280
0.072,280
0.077,280
0.073,280
0.085,280
0.081,280
0.075,280
0.154,280
0.071,280
0.072,280
0.073,280
0.069,280
0.077,280
0.096,280
0.084,280
0.097,280
0.078,280
0.072,280
0.078,280
0.072,280
0.082,280
0.07,280
0.079,280
0.089,280
0.074,280
0.095,280
0.078,280
0.089,280
0.077,280
0.072,280
0.092,280
0.082,280
0.077,280
0.088,280
0.077,280
0.077,280
0.084,280
0.085,280
0.086,280
0.085,280
0.085,280
0.08,280
0.077,280
0.077,280
0.091,280
0.077,280
0.076,280
0.085,280
0.075,280
0.076,280
0.074,280
0.095,280
0.074,280
0.09,280
0.071,280
0.08,280
0.088,280
0.075,280
0.074,280
0.077,280
0.076,280
0.073,280
0.074,280
0.083,280
0.075,280
0.079,280
0.077,280
0.081,280
0.072,280
0.078,280
0.093,280
0.098,280
0.074,280
0.078,280
0.072,280
0.078,280
0.07,280
0.077,280
0.074,280
0.091,280
0.077,280
0.074,280
0.081,280
0.071,280
0.078,280
0.084,280
0.07,280
0.077,280
0.077,280
0.073,280
0.078,280
0.074,280
0.075,280
0.07,280
0.088,280
0.074,280
0.08,280
0.105,280
0.078,280
0.095,280
0.072,280
0.077,280
0.077,280
0.074,280
0.084,280
0.094,280
0.083,280
0.074,280
0.083,280
0.078,280
0.087,280
0.077,280
0.076,280
0.071,280
0.078,280
0.076,280
0.077,280
0.076,280
0.078,280
0.074,280
0.077,280
0.078,280
0.075,280
0.08,280
0.091,280
0.07,280
0.077,280
0.097,280
0.09,280
0.075,280
0.073,280
0.078,280
0.074,280
0.072,280
0.072,280
0.076,280
0.072,280
0.071,280
0.074,280
0.074,280
0.08,280
0.075,280
0.077,280
0.071,280
0.105,280
0.076,280
0.068,280
0.075,280
0.074,280
0.079,280
0.079,280
0.074,280
0.072,280
0.074,280
0.073,280
0.069,280
0.078,280
0.071,280
0.078,280
0.103,280
0.074,280
0.084,280
0.07,280
0.081,280
0.072,280
0.082,280
0.077,280
0.075,280
0.078,280
0.074,280
0.086,280
0.079,280
0.081,280
0.071,280
0.079,280
0.072,280
0.076,280
0.085,280
0.08,280
0.084,280
0.09,280
0.084,280
0.074,280
0.079,280
0.073,280
0.071,280
0.089,280
0.073,280
0.084,280
0.082,280
0.071,280
0.073,280
0.087,280
0.081,280
0.078,280
0.076,280
0.085,280
0.076,280
0.07,280
0.079,280
0.071,280
0.072,280
0.071,280
0.1,280
0.083,280
0.077,280
0.084,280
0.073,280
0.074,280
0.075,280
0.077,280
0.091,280
0.069,280
0.071,280
0.072,280
0.097,280
0.069,280
0.074,280
0.085,280
0.074,280
0.074,280
0.076,280
0.09,280
0.093,280
0.084,280
0.074,280
0.068,280
0.086,280
0.079,280
0.072,280
0.079,280
0.091,280
0.084,280
0.083,280
0.081,280
0.07,280
0.093,280
0.078,280
0.096,280
0.072,280
0.072,280
0.074,280
0.077,280
0.074,280
0.08,280
0.076,280
0.076,280
0.075,280
0.095,280
0.072,280
0.089,280
0.075,280
0.071,280
0.082,280
0.076,280
0.077,280
0.075,280
0.072,280
0.088,280
0.074,280
0.084,280
0.081,280
0.082,280
0.075,280
0.07,280
0.079,280
0.077,280
0.077,280
0.073,280
0.079,280
0.073,280
0.085,280
0.083,280
0.076,280
0.068,280
0.075,280
0.089,280
0.072,280
0.072,280
0.078,280
0.074,280
0.073,280
0.076,280
0.129,280
0.078,280
0.073,280
0.07,280
0.085,280
0.076,280
0.098,280
0.089,280
0.096,280
0.083,280
0.077,280
0.079,280
0.078,280
