0.073,280
0.897,280
0.971,280
0.928,280
0.978,280
0.895,280
1.118,280
22.682,280
1.07,280
1.306,280
1.004,280
1.108,280
0.966,280
25.444,280
0.819,280
0.9,280
1.19,280
0.962,280
0.93,280
1.164,280
28.162,280
0.96,280
1.317,280
0.93,280
1.058,280
0.966,280
21.914,280
1.165,280
1.353,280
0.993,280
1.132,280
0.904,280
19.372,280
1.105,280
1.316,280
0.946,280
1.11,280
0.909,280
21.972,280
1.097,280
1.344,280
0.935,280
1.028,280
0.919,280
23.512,280
1.077,280
1.362,280
0.976,280
1.129,280
0.983,280
20.365,280
1.1,280
1.766,280
0.956,280
1.081,280
1.006,280
23.164,280
1.1,280
1.311,280
0.964,280
1.11,280
0.921,280
20.842,280
1.032,280
1.389,280
0.929,280
1.183,280
1.447,280
25.831,280
1.04,280
1.417,280
0.921,280
1.087,280
0.856,280
21.186,280
1.063,280
1.355,280
0.946,280
1.066,280
0.964,280
25.208,280
0.072,280
1.068,280
1.298,280
1.095,280
1.085,280
0.925,280
29.138,280
1.078,280
1.315,280
0.929,280
1.075,280
1.36,280
19.439,280
1.171,280
1.172,280
0.922,280
1.126,280
0.941,280
24.346,280
1.115,280
1.324,280
0.925,280
1.141,280
0.895,280
26.598,280
1.113,280
1.409,280
0.995,280
1.148,280
0.922,280
22.947,280
1.139,280
1.375,280
1.03,280
1.107,280
0.919,280
25.283,280
1.066,280
1.339,280
0.931,280
1.099,280
0.942,280
20.777,280
1.044,280
1.339,280
0.976,280
1.161,280
0.953,280
22.645,280
1.03,280
1.357,280
0.934,280
1.091,280
0.923,280
26.187,280
1.097,280
1.357,280
0.983,280
1.145,280
0.988,280
22.354,280
1.093,280
1.345,280
0.932,280
1.099,280
0.994,280
23.718,280
1.053,280
1.334,280
0.934,280
1.125,280
0.938,280
22.958,280
1.084,280
1.326,280
0.918,280
1.427,280
0.933,280
21.25,280
1.074,280
1.347,280
0.924,280
1.079,280
0.961,280
21.265,280
1.08,280
1.399,280
0.969,280
1.131,280
0.947,280
23.218,280
1.083,280
1.324,280
0.94,280
1.102,280
0.841,280
22.684,280
1.066,280
1.405,280
0.94,280
1.1,280
0.916,280
22.755,280
0.82,280
0.928,280
0.91,280
0.926,280
0.937,280
1.094,280
25.32,280
1.085,280
1.376,280
0.984,280
1.118,280
0.848,280
23.702,280
0.055,280
1.066,280
1.468,280
1.02,280
1.395,280
0.911,280
24.411,280
0.828,280
0.808,280
0.894,280
0.987,280
0.888,280
1.131,280
24.649,280
1.002,280
0.89,280
1.131,280
2.725,280
1.06,280
23.614,280
1.547,280
0.887,280
1.151,280
1.375,280
1.054,280
27.032,280
1.014,280
0.92,280
1.136,280
1.475,280
1.216,280
24.419,280
1.03,280
0.929,280
1.128,280
1.403,280
1.067,280
25.452,280
1.013,280
0.893,280
1.073,280
1.472,280
1.084,280
22.424,280
0.995,280
0.932,280
1.079,280
1.336,280
1.051,280
18.807,280
0.999,280
0.895,280
1.11,280
1.392,280
0.988,280
22.094,280
0.967,280
0.921,280
1.073,280
1.39,280
1.101,280
22.589,280
0.971,280
0.887,280
1.071,280
1.406,280
1.095,280
24.037,280
1.003,280
0.896,280
1.07,280
1.472,280
1.069,280
23.737,280
0.994,280
0.883,280
1.099,280
1.422,280
1.051,280
24.782,280
0.993,280
0.889,280
1.138,280
1.392,280
1.066,280
20.58,280
1.012,280
0.903,280
1.09,280
1.396,280
1.051,280
22.38,280
0.976,280
0.914,280
1.088,280
1.412,280
1.038,280
20.952,280
1.049,280
0.917,280
1.046,280
1.221,280
1.102,280
19.71,280
0.993,280
0.897,280
1.074,280
1.361,280
1.06,280
20.082,280
1.05,280
0.878,280
1.058,280
1.298,280
1.049,280
20.405,280
1.027,280
0.957,280
1.081,280
1.621,280
1.1,280
23.932,280
0.809,280
0.885,280
0.886,280
0.974,280
0.904,280
1.125,280
27.333,280
1.587,280
1.049,280
1.137,280
0.996,280
0.871,280
23.92,280
1.555,280
1.057,280
1.144,280
0.955,280
0.842,280
27.136,280
1.528,280
1.052,280
1.174,280
0.971,280
0.809,280
31.962,280
1.565,280
1.056,280
1.128,280
0.989,280
0.838,280
20.75,280
1.546,280
1.089,280
1.166,280
0.955,280
0.859,280
25.969,280
1.702,280
1.086,280
1.166,280
0.935,280
0.877,280
22.003,280
1.549,280
1.065,280
1.151,280
1.007,280
0.842,280
19.296,280
1.518,280
1.017,280
1.178,280
0.946,280
0.873,280
21.017,280
0.813,280
0.885,280
1.001,280
0.986,280
1.006,280
1.092,280
28.149,280
1.213,280
0.93,280
0.816,280
0.997,280
1.525,280
20.479,280
1.194,280
0.901,280
0.795,280
1.009,280
1.499,280
21.777,280
1.197,280
0.925,280
0.841,280
4.83,280
1.724,280
23.975,280
1.238,280
0.949,280
0.822,280
1.745,280
1.397,280
21.61,280
1.221,280
0.962,280
0.787,280
1.074,280
1.441,280
24.747,280
1.259,280
0.951,280
0.795,280
0.991,280
1.53,280
23.297,280
1.091,280
0.909,280
0.809,280
1.648,280
1.473,280
22.798,280
1.162,280
1.294,280
0.804,280
0.993,280
1.523,280
27.065,280
1.234,280
0.89,280
0.798,280
1.189,280
1.537,280
21.968,280
1.251,280
0.972,280
0.826,280
1.077,280
1.505,280
26.338,280
1.194,280
0.912,280
0.874,280
0.995,280
1.523,280
21.921,280
1.193,280
0.917,280
0.798,280
0.988,280
1.479,280
23.728,280
0.803,280
0.941,280
0.965,280
0.948,280
2.091,280
1.129,280
26.381,280
1.07,280
0.904,280
0.805,280
1.038,280
1.553,280
25.844,280
1.137,280
0.906,280
0.877,280
1.071,280
1.42,280
22.005,280
1.185,280
0.943,280
0.847,280
1.002,280
1.52,280
24.044,280
1.142,280
0.895,280
0.815,280
1.01,280
1.945,280
21.07,280
1.203,280
0.92,280
0.801,280
1.067,280
1.552,280
25.237,280
1.231,280
0.866,280
0.816,280
1.369,280
1.485,280
22.771,280
1.178,280
0.911,280
0.814,280
1.022,280
1.51,280
21.082,280
0.832,280
0.804,280
1.05,280
0.991,280
0.96,280
1.104,280
29.186,280
0.066,280
0.852,280
1.0,280
0.956,280
0.977,280
0.909,280
1.181,280
24.802,280
0.979,280
0.972,280
0.907,280
1.248,280
1.344,280
19.516,280
0.997,280
0.987,280
0.93,280
1.155,280
1.248,280
19.093,280
1.021,280
0.992,280
0.921,280
1.253,280
1.305,280
22.122,280
0.995,280
1.045,280
0.893,280
1.248,280
1.266,280
21.499,280
0.985,280
0.976,280
1.174,280
1.23,280
1.291,280
24.681,280
0.948,280
0.95,280
1.006,280
1.224,280
1.324,280
20.641,280
0.966,280
0.952,280
0.902,280
1.206,280
1.353,280
21.602,280
0.946,280
0.978,280
0.886,280
1.296,280
1.332,280
23.228,280
0.821,280
0.888,280
0.906,280
0.987,280
4.536,280
1.146,280
26.718,280
1.227,280
1.72,280
1.44,280
1.119,280
0.92,280
26.274,280
1.145,280
1.699,280
1.266,280
1.057,280
0.904,280
27.861,280
1.158,280
1.042,280
1.426,280
1.048,280
0.94,280
24.109,280
1.174,280
1.179,280
1.355,280
1.055,280
1.059,280
24.162,280
