0.119,280
0.111,280
0.14,280
0.139,280
0.102,280
0.111,280
0.1,280
0.115,280
0.104,280
0.103,280
0.108,280
0.098,280
0.103,280
0.104,280
0.108,280
0.156,280
0.117,280
0.108,280
0.115,280
0.109,280
0.11,280
0.108,280
0.105,280
0.112,280
0.102,280
0.024,280
0.031,280
0.121,280
0.112,280
0.103,280
0.132,280
0.104,280
0.098,280
0.105,280
0.11,280
0.118,280
0.111,280
0.087,280
0.105,280
0.11,280
0.108,280
0.168,280
0.096,280
0.113,280
0.147,280
0.113,280
0.113,280
0.111,280
0.1,280
0.11,280
0.108,280
0.11,280
0.108,280
0.117,280
0.091,280
0.113,280
0.11,280
0.107,280
0.098,280
0.11,280
0.115,280
0.109,280
0.108,280
0.101,280
0.109,280
0.111,280
0.099,280
0.112,280
0.113,280
0.101,280
0.108,280
0.111,280
0.106,280
0.099,280
0.101,280
0.097,280
0.098,280
0.025,280
0.102,280
