78.828,280
70.825,280
84.924,280
71.728,280
72.591,280
72.459,280
72.359,280
77.043,280
71.922,280
75.045,280
71.441,280
69.612,280
72.109,280
66.405,280
78.144,280
71.117,280
76.59,280
69.481,280
75.662,280
70.704,280
73.526,280
77.166,280
73.952,280
70.911,280
72.548,280
82.13,280
78.254,280
69.586,280
76.405,280
70.714,280
73.575,280
64.185,280
73.499,280
64.928,280
76.274,280
72.73,280
76.33,280
64.497,280
76.088,280
72.881,280
69.262,280
75.959,280
71.945,280
71.788,280
74.178,280
75.113,280
73.375,280
74.346,280
75.104,280
73.999,280
74.646,280
77.176,280
70.905,280
74.024,280
78.047,280
74.53,280
73.814,280
73.869,280
73.973,280
80.441,280
69.06,280
82.306,280
76.327,280
76.594,280
74.094,280
59.701,280
64.965,280
73.843,280
62.368,280
77.712,280
78.792,280
75.798,280
71.585,280
82.842,280
72.52,280
76.202,280
70.343,280
71.127,280
75.246,280
70.004,280
75.25,280
72.651,280
76.097,280
72.473,280
65.618,280
77.131,280
89.461,280
79.347,280
75.205,280
69.134,280
79.539,280
76.345,280
75.908,280
81.105,280
75.9,280
73.844,280
79.049,280
72.738,280
74.835,280
73.688,280
72.857,280
75.414,280
74.976,280
74.749,280
76.228,280
75.826,280
72.327,280
69.639,280
75.837,280
82.995,280
70.999,280
74.751,280
67.664,280
70.937,280
77.683,280
72.068,280
77.342,280
77.388,280
77.054,280
82.488,280
76.868,280
71.205,280
76.212,280
76.713,280
76.14,280
71.777,280
72.666,280
77.562,280
89.73,280
80.955,280
76.213,280
63.308,280
75.22,280
85.087,280
65.251,280
65.197,280
69.48,280
72.34,280
72.547,280
74.057,280
76.463,280
80.199,280
73.564,280
74.3,280
79.763,280
79.521,280
73.377,280
81.425,280
68.93,280
81.304,280
75.465,280
76.521,280
76.03,280
74.57,280
76.162,280
76.706,280
75.581,280
71.206,280
74.013,280
70.524,280
78.822,280
76.485,280
74.264,280
77.212,280
72.031,280
74.91,280
72.474,280
77.943,280
74.88,280
74.8,280
75.861,280
76.051,280
73.569,280
75.765,280
79.316,280
75.032,280
80.576,280
79.505,280
80.409,280
82.383,280
81.012,280
72.06,280
77.709,280
77.62,280
80.165,280
81.588,280
88.263,280
76.595,280
77.519,280
77.508,280
78.395,280
73.454,280
70.124,280
76.464,280
66.443,280
71.64,280
77.884,280
66.042,280
81.141,280
78.792,280
78.681,280
86.129,280
74.542,280
74.823,280
81.263,280
75.711,280
72.793,280
73.64,280
73.053,280
69.178,280
74.365,280
76.049,280
81.864,280
80.217,280
72.678,280
74.341,280
76.715,280
73.601,280
71.252,280
73.278,280
79.039,280
75.806,280
68.12,280
80.124,280
74.775,280
78.207,280
80.374,280
76.866,280
73.426,280
76.993,280
83.563,280
74.15,280
71.858,280
69.048,280
73.734,280
79.876,280
72.666,280
78.486,280
78.611,280
78.873,280
80.228,280
78.095,280
82.131,280
79.962,280
85.489,280
73.943,280
77.55,280
75.93,280
72.78,280
80.454,280
82.282,280
86.552,280
76.761,280
75.639,280
76.347,280
81.49,280
78.235,280
74.896,280
82.583,280
76.727,280
79.363,280
78.613,280
75.387,280
77.029,280
77.647,280
86.218,280
85.827,280
75.248,280
77.046,280
75.456,280
77.511,280
77.1,280
79.471,280
78.518,280
95.987,280
75.502,280
83.773,280
85.489,280
79.443,280
77.836,280
74.011,280
82.291,280
80.068,280
79.05,280
76.694,280
83.985,280
78.129,280
87.48,280
76.083,280
73.552,280
82.599,280
73.921,280
80.398,280
79.855,280
76.098,280
79.237,280
81.703,280
234.59,280
74.85,280
80.169,280
74.817,280
82.062,280
88.676,280
75.372,280
72.628,280
78.4,280
85.124,280
74.472,280
78.786,280
74.047,280
77.189,280
80.797,280
77.316,280
76.335,280
76.089,280
76.43,280
73.154,280
78.289,280
83.078,280
83.072,280
77.154,280
78.599,280
75.107,280
76.571,280
76.697,280
75.649,280
74.275,280
76.974,280
83.127,280
78.669,280
81.441,280
79.617,280
85.102,280
78.871,280
78.761,280
73.232,280
78.632,280
79.637,280
81.305,280
76.102,280
79.642,280
75.725,280
77.306,280
77.117,280
75.567,280
75.805,280
77.156,280
80.461,280
82.333,280
82.21,280
80.357,280
85.413,280
88.309,280
78.428,280
78.727,280
81.943,280
77.624,280
74.041,280
80.69,280
75.924,280
84.126,280
79.169,280
81.595,280
76.602,280
80.737,280
79.194,280
76.184,280
78.381,280
85.775,280
75.119,280
76.288,280
76.963,280
71.467,280
74.353,280
76.636,280
73.798,280
77.128,280
78.827,280
75.004,280
79.043,280
79.048,280
79.3,280
81.374,280
79.455,280
88.988,280
83.481,280
82.512,280
76.528,280
78.875,280
78.213,280
80.448,280
80.4,280
77.372,280
77.746,280
77.728,280
80.323,280
81.154,280
76.598,280
80.047,280
81.954,280
77.27,280
78.058,280
81.051,280
76.177,280
88.595,280
74.167,280
75.027,280
78.14,280
87.006,280
74.828,280
74.247,280
81.183,280
68.878,280
80.224,280
79.136,280
78.578,280
84.997,280
74.172,280
78.955,280
75.716,280
81.711,280
81.189,280
74.968,280
77.977,280
86.573,280
73.453,280
75.071,280
86.806,280
172.946,280
78.63,280
79.71,280
76.612,280
90.473,280
73.779,280
81.663,280
79.479,280
68.672,280
79.507,280
75.758,280
78.913,280
77.95,280
75.908,280
77.174,280
71.641,280
69.529,280
68.107,280
81.748,280
76.345,280
64.665,280
64.33,280
71.36,280
76.607,280
125.328,280
74.527,280
86.595,280
84.633,280
74.214,280
78.533,280
73.973,280
77.332,280
79.244,280
76.28,280
80.936,280
86.484,280
70.134,280
72.497,280
73.36,280
77.156,280
67.069,280
75.392,280
77.171,280
76.27,280
86.515,280
72.637,280
79.632,280
72.909,280
80.836,280
69.787,280
72.718,280
86.268,280
71.851,280
78.053,280
82.652,280
72.098,280
74.913,280
70.719,280
75.776,280
72.302,280
72.669,280
68.922,280
80.85,280
78.481,280
81.932,280
74.0,280
75.007,280
77.364,280
84.001,280
71.481,280
76.845,280
79.314,280
78.883,280
74.847,280
71.367,280
83.245,280
74.267,280
76.009,280
67.533,280
70.483,280
76.107,280
72.689,280
75.505,280
77.406,280
78.318,280
69.089,280
70.636,280
74.891,280
72.181,280
69.711,280
74.094,280
81.497,280
63.467,280
74.032,280
77.278,280
69.357,280
77.978,280
73.625,280
71.371,280
79.34,280
78.684,280
68.456,280
73.486,280
83.733,280
71.931,280
85.85,280
82.905,280
77.152,280
72.824,280
77.269,280
71.187,280
75.673,280
77.659,280
78.189,280
77.578,280
73.501,280
69.853,280
66.239,280
75.424,280
69.575,280
76.892,280
75.169,280
65.029,280
83.009,280
75.054,280
71.204,280
78.202,280
73.137,280
63.965,280
78.441,280
74.579,280
76.723,280
79.634,280
65.895,280
70.658,280
84.888,280
80.813,280
73.789,280
67.341,280
75.758,280
79.252,280
70.399,280
81.86,280
62.482,280
75.235,280
70.883,280
67.589,280
70.646,280
79.792,280
72.133,280
77.899,280
75.986,280
78.362,280
75.064,280
78.015,280
81.061,280
73.956,280
71.107,280
77.452,280
82.164,280
85.722,280
78.18,280
81.362,280
74.426,280
78.271,280
71.466,280
77.039,280
74.832,280
77.689,280
66.532,280
73.231,280
70.734,280
74.619,280
64.169,280
75.152,280
75.283,280
70.614,280
75.075,280
74.52,280
74.277,280
76.622,280
78.583,280
76.191,280
77.678,280
76.039,280
72.883,280
69.668,280
74.19,280
73.297,280
70.261,280
84.869,280
72.896,280
73.884,280
70.053,280
70.331,280
79.355,280
81.802,280
74.155,280
77.043,280
73.814,280
70.988,280
66.825,280
81.466,280
76.856,280
78.045,280
71.355,280
74.408,280
69.733,280
81.738,280
71.549,280
72.091,280
77.579,280
78.904,280
78.124,280
70.842,280
70.676,280
75.343,280
72.402,280
73.37,280
74.375,280
79.335,280
69.069,280
69.009,280
71.789,280
64.69,280
72.013,280
82.527,280
71.514,280
70.511,280
70.48,280
82.984,280
71.731,280
69.111,280
67.66,280
77.134,280
73.757,280
66.71,280
85.617,280
65.445,280
63.33,280
71.547,280
73.226,280
70.795,280
71.748,280
84.911,280
70.922,280
73.277,280
73.985,280
73.369,280
87.459,280
77.707,280
77.412,280
72.962,280
81.636,280
67.061,280
78.225,280
76.349,280
170.985,280
76.327,280
78.984,280
79.65,280
78.332,280
77.092,280
76.217,280
71.514,280
75.033,280
72.559,280
79.377,280
66.605,280
81.721,280
65.263,280
81.062,280
77.368,280
67.576,280
67.637,280
78.315,280
65.175,280
79.111,280
157.891,280
78.958,280
76.216,280
76.653,280
75.998,280
74.306,280
75.106,280
70.314,280
71.481,280
75.991,280
71.807,280
82.892,280
72.842,280
76.867,280
71.095,280
73.941,280
75.025,280
77.586,280
77.585,280
67.82,280
69.551,280
84.259,280
74.766,280
86.329,280
80.859,280
71.57,280
66.499,280
75.971,280
78.414,280
73.085,280
75.521,280
81.153,280
71.733,280
75.856,280
83.701,280
83.336,280
76.846,280
69.614,280
73.893,280
66.688,280
74.753,280
72.179,280
73.909,280
70.176,280
76.107,280
69.937,280
68.836,280
76.767,280
76.664,280
66.944,280
86.961,280
72.501,280
71.944,280
78.356,280
173.543,280
79.568,280
65.862,280
74.489,280
67.806,280
75.362,280
74.972,280
80.074,280
70.386,280
72.555,280
76.966,280
72.64,280
72.559,280
71.227,280
82.531,280
75.954,280
72.295,280
79.984,280
78.949,280
65.915,280
70.433,280
75.369,280
78.783,280
66.039,280
77.993,280
75.556,280
68.021,280
71.383,280
78.355,280
71.708,280
77.262,280
82.169,280
78.421,280
70.814,280
78.227,280
72.643,280
70.565,280
70.441,280
72.905,280
76.58,280
66.499,280
65.785,280
79.557,280
76.251,280
74.617,280
74.432,280
71.49,280
66.965,280
73.914,280
71.472,280
73.096,280
74.043,280
77.696,280
76.03,280
69.341,280
74.603,280
80.306,280
