0.302,280
0.147,280
0.228,280
0.15,280
0.222,280
0.204,280
0.165,280
0.169,280
0.138,280
0.15,280
0.133,280
0.167,280
0.183,280
0.17,280
0.131,280
0.147,280
0.146,280
0.149,280
0.146,280
0.135,280
0.133,280
0.164,280
0.147,280
0.148,280
0.186,280
0.145,280
0.144,280
0.147,280
0.136,280
0.146,280
0.147,280
0.149,280
0.149,280
0.146,280
0.135,280
0.147,280
0.134,280
0.15,280
0.136,280
0.148,280
0.166,280
0.15,280
0.15,280
0.136,280
0.149,280
0.137,280
0.151,280
0.148,280
0.155,280
0.149,280
0.133,280
0.148,280
0.162,280
0.133,280
0.148,280
0.148,280
0.134,280
0.136,280
0.163,280
0.147,280
0.144,280
0.146,280
5.705,280
0.138,280
0.15,280
0.146,280
0.147,280
6.105,280
0.177,280
0.171,280
0.165,280
7.398,280
6.835,280
0.205,280
0.176,280
6.988,280
6.927,280
0.167,280
0.178,280
0.177,280
0.169,280
0.303,280
7.932,280
0.177,280
0.308,280
7.716,280
0.171,280
0.296,280
0.194,280
8.047,280
0.172,280
8.309,280
0.174,280
8.69,280
0.173,280
0.455,280
0.175,280
0.174,280
0.221,280
7.692,280
0.17,280
7.349,280
8.31,280
8.214,280
6.138,280
0.174,280
0.18,280
6.339,280
7.481,280
0.166,280
8.244,280
0.297,280
8.583,280
7.322,280
0.172,280
6.594,280
0.178,280
8.433,280
6.92,280
8.027,280
7.431,280
7.714,280
0.182,280
7.088,280
0.167,280
7.85,280
5.893,280
0.173,280
7.991,280
7.206,280
6.693,280
7.195,280
9.143,280
6.345,280
9.024,280
8.638,280
0.33,280
7.913,280
7.996,280
0.16,280
8.34,280
0.169,280
0.175,280
0.456,280
0.179,280
7.93,280
8.131,280
0.175,280
0.18,280
9.049,280
6.097,280
0.184,280
7.137,280
11.133,280
0.181,280
7.656,280
8.256,280
7.577,280
7.441,280
8.611,280
7.286,280
7.26,280
6.64,280
0.194,280
7.668,280
8.313,280
7.695,280
8.268,280
7.973,280
9.196,280
0.172,280
0.312,280
7.9,280
0.171,280
9.107,280
9.259,280
0.175,280
7.354,280
0.163,280
0.185,280
7.015,280
8.469,280
7.331,280
8.494,280
7.528,280
6.483,280
9.19,280
0.169,280
7.536,280
8.679,280
7.399,280
10.329,280
7.753,280
0.145,280
8.26,280
0.172,280
8.577,280
8.043,280
0.454,280
7.646,280
7.785,280
0.173,280
0.179,280
0.204,280
0.176,280
0.201,280
0.241,280
0.206,280
0.183,280
0.224,280
0.201,280
0.169,280
0.188,280
0.173,280
0.186,280
0.349,280
0.239,280
0.201,280
0.184,280
0.182,280
0.193,280
