0.043,280
0.047,280
0.051,280
0.048,280
0.039,280
0.053,280
0.041,280
0.043,280
0.047,280
0.045,280
0.044,280
0.051,280
0.048,280
0.045,280
0.051,280
0.037,280
0.043,280
0.044,280
0.047,280
0.048,280
0.056,280
0.048,280
0.042,280
0.051,280
0.041,280
0.043,280
0.05,280
0.042,280
0.041,280
0.043,280
0.039,280
0.042,280
0.05,280
0.055,280
0.05,280
0.045,280
0.039,280
0.043,280
0.044,280
0.044,280
0.042,280
0.045,280
0.04,280
0.041,280
0.042,280
0.044,280
0.042,280
0.046,280
0.052,280
0.055,280
0.04,280
0.043,280
0.042,280
0.044,280
0.04,280
0.044,280
0.04,280
0.042,280
0.039,280
0.043,280
0.043,280
0.043,280
0.041,280
0.043,280
0.04,280
0.043,280
0.042,280
0.045,280
0.041,280
0.045,280
0.042,280
0.05,280
0.041,280
0.043,280
0.05,280
0.042,280
0.041,280
0.044,280
0.043,280
0.1,280
0.04,280
0.044,280
0.039,280
0.043,280
0.041,280
0.048,280
0.048,280
0.051,280
0.053,280
0.056,280
0.045,280
0.046,280
0.038,280
0.063,280
0.041,280
0.045,280
0.04,280
0.045,280
0.042,280
0.042,280
0.049,280
0.049,280
0.051,280
0.043,280
0.042,280
0.046,280
0.049,280
0.043,280
0.041,280
0.045,280
0.053,280
0.088,280
0.041,280
0.05,280
0.039,280
0.059,280
0.043,280
0.043,280
0.039,280
0.043,280
0.041,280
0.045,280
0.072,280
0.046,280
0.037,280
0.042,280
0.04,280
0.086,280
0.037,280
0.047,280
0.039,280
0.046,280
0.042,280
0.044,280
0.043,280
0.047,280
0.056,280
0.049,280
0.042,280
0.049,280
0.043,280
0.047,280
0.041,280
0.046,280
0.04,280
0.046,280
0.053,280
0.046,280
0.039,280
0.049,280
0.047,280
0.046,280
0.045,280
0.044,280
0.053,280
0.053,280
0.043,280
0.048,280
0.047,280
0.054,280
0.04,280
0.05,280
0.038,280
0.122,280
0.05,280
0.06,280
0.044,280
0.052,280
0.044,280
0.046,280
0.042,280
0.057,280
0.041,280
0.044,280
0.056,280
0.055,280
0.047,280
0.05,280
0.043,280
0.045,280
0.049,280
0.046,280
0.041,280
0.047,280
0.043,280
0.045,280
0.043,280
0.047,280
0.039,280
0.044,280
0.039,280
0.048,280
0.038,280
0.043,280
0.041,280
0.047,280
0.045,280
0.05,280
0.04,280
0.043,280
0.042,280
0.046,280
0.04,280
0.043,280
0.042,280
0.043,280
0.054,280
0.05,280
0.044,280
0.046,280
0.039,280
0.049,280
0.044,280
0.049,280
0.042,280
0.045,280
0.039,280
0.044,280
0.039,280
0.044,280
0.044,280
0.042,280
0.055,280
0.052,280
0.049,280
0.057,280
0.049,280
0.047,280
0.04,280
0.046,280
0.051,280
0.051,280
0.041,280
0.051,280
0.057,280
0.051,280
0.05,280
0.064,280
0.042,280
0.044,280
0.048,280
0.053,280
0.046,280
0.046,280
0.046,280
0.046,280
0.044,280
0.046,280
0.045,280
0.047,280
0.043,280
0.05,280
0.042,280
0.045,280
0.051,280
0.053,280
0.044,280
0.055,280
0.04,280
0.045,280
0.042,280
0.045,280
0.041,280
0.044,280
0.041,280
0.052,280
0.04,280
0.048,280
0.043,280
0.054,280
0.04,280
0.043,280
0.038,280
0.043,280
0.042,280
0.053,280
0.059,280
0.048,280
0.05,280
0.051,280
0.056,280
0.047,280
0.042,280
0.047,280
0.04,280
0.046,280
0.045,280
0.046,280
0.041,280
0.045,280
0.045,280
0.046,280
0.039,280
0.042,280
0.042,280
0.047,280
0.052,280
0.047,280
0.043,280
0.047,280
0.044,280
0.046,280
0.039,280
0.052,280
0.043,280
0.044,280
0.044,280
0.048,280
0.043,280
0.047,280
0.044,280
0.046,280
0.044,280
0.045,280
0.042,280
0.044,280
0.047,280
0.051,280
0.041,280
0.046,280
0.041,280
0.046,280
0.052,280
0.044,280
0.048,280
0.046,280
0.044,280
0.048,280
0.05,280
0.046,280
0.042,280
0.051,280
0.042,280
0.203,280
0.041,280
0.045,280
0.048,280
0.052,280
0.046,280
0.047,280
0.044,280
0.058,280
0.042,280
0.045,280
0.05,280
0.048,280
0.044,280
0.044,280
0.045,280
0.051,280
0.051,280
0.049,280
0.04,280
0.048,280
0.046,280
0.052,280
0.043,280
0.043,280
0.049,280
0.054,280
0.044,280
0.044,280
0.039,280
0.046,280
0.053,280
0.049,280
0.041,280
0.046,280
0.058,280
0.052,280
0.044,280
0.045,280
0.04,280
0.049,280
0.046,280
0.043,280
0.042,280
0.048,280
0.044,280
0.047,280
0.048,280
0.046,280
0.047,280
0.05,280
0.054,280
0.056,280
0.041,280
0.05,280
0.056,280
0.043,280
0.042,280
0.044,280
0.053,280
0.045,280
0.041,280
0.1,280
0.053,280
0.045,280
0.042,280
0.041,280
0.052,280
0.057,280
