0.054,280
0.044,280
0.041,280
0.056,280
0.038,280
0.043,280
0.047,280
0.041,280
0.038,280
0.047,280
0.039,280
0.041,280
0.045,280
0.042,280
0.039,280
0.043,280
0.038,280
0.042,280
0.042,280
0.043,280
0.05,280
0.045,280
0.036,280
0.042,280
0.04,280
0.046,280
0.038,280
0.047,280
0.04,280
0.046,280
0.042,280
0.039,280
0.041,280
0.044,280
0.038,280
0.043,280
0.038,280
0.045,280
0.036,280
0.042,280
0.041,280
0.044,280
0.039,280
0.041,280
0.04,280
0.045,280
0.066,280
0.044,280
0.038,280
0.043,280
0.049,280
0.045,280
0.038,280
0.042,280
0.043,280
0.047,280
0.037,280
0.044,280
0.04,280
0.044,280
0.037,280
0.042,280
0.037,280
0.047,280
0.036,280
0.043,280
0.04,280
0.044,280
0.043,280
0.043,280
0.04,280
0.041,280
0.045,280
0.043,280
0.037,280
0.045,280
0.039,280
0.046,280
0.041,280
0.038,280
0.931,280
0.062,280
0.056,280
0.046,280
0.048,280
0.043,280
0.046,280
0.043,280
0.04,280
0.042,280
0.036,280
0.04,280
0.04,280
0.041,280
0.036,280
0.041,280
0.039,280
0.041,280
0.044,280
0.054,280
0.036,280
0.045,280
0.042,280
0.042,280
0.037,280
0.05,280
0.045,280
0.047,280
0.05,280
0.061,280
0.04,280
0.045,280
0.042,280
0.046,280
0.038,280
0.04,280
0.039,280
0.042,280
0.048,280
0.054,280
0.037,280
0.041,280
0.041,280
0.04,280
0.04,280
0.042,280
0.038,280
0.106,280
0.039,280
0.044,280
0.043,280
0.042,280
0.04,280
0.043,280
0.039,280
0.044,280
0.037,280
0.042,280
0.037,280
0.049,280
0.042,280
0.043,280
0.04,280
0.043,280
0.042,280
0.042,280
0.049,280
0.044,280
0.047,280
0.129,280
0.038,280
0.044,280
0.051,280
0.045,280
0.038,280
0.043,280
0.037,280
0.043,280
0.045,280
0.049,280
0.05,280
0.043,280
0.05,280
0.074,280
0.039,280
0.043,280
0.039,280
0.045,280
0.057,280
0.1,280
0.034,280
0.043,280
0.037,280
0.044,280
0.039,280
0.045,280
0.039,280
0.042,280
0.06,280
0.047,280
0.038,280
0.041,280
0.038,280
0.043,280
0.04,280
0.042,280
0.04,280
0.042,280
0.038,280
0.047,280
0.04,280
0.042,280
0.04,280
0.048,280
0.04,280
0.111,280
0.039,280
0.045,280
0.044,280
0.042,280
0.044,280
0.046,280
0.04,280
0.045,280
0.041,280
0.043,280
0.038,280
0.041,280
0.039,280
0.043,280
0.045,280
0.046,280
0.044,280
0.046,280
0.039,280
0.043,280
0.04,280
0.041,280
0.035,280
0.044,280
0.038,280
0.041,280
0.04,280
0.043,280
0.043,280
0.049,280
0.038,280
0.094,280
0.04,280
0.042,280
0.048,280
0.042,280
0.041,280
0.042,280
0.039,280
0.043,280
0.039,280
0.047,280
0.04,280
0.045,280
0.04,280
0.044,280
0.039,280
0.056,280
0.043,280
0.044,280
0.041,280
0.043,280
0.04,280
0.045,280
0.056,280
0.045,280
0.039,280
0.043,280
0.042,280
0.044,280
0.053,280
0.047,280
0.041,280
0.042,280
0.05,280
0.047,280
0.039,280
0.042,280
0.04,280
0.044,280
0.042,280
0.041,280
0.042,280
0.058,280
0.04,280
0.042,280
0.04,280
0.043,280
0.043,280
0.054,280
0.041,280
0.044,280
0.04,280
0.057,280
0.04,280
0.045,280
0.038,280
0.041,280
0.043,280
0.044,280
0.044,280
0.045,280
0.048,280
0.051,280
0.042,280
0.044,280
0.038,280
0.044,280
0.043,280
0.046,280
0.042,280
0.043,280
0.05,280
0.044,280
0.038,280
0.042,280
0.047,280
0.042,280
0.038,280
0.043,280
0.046,280
0.043,280
0.039,280
0.045,280
0.042,280
0.048,280
0.041,280
0.044,280
0.042,280
0.042,280
0.04,280
0.043,280
0.038,280
0.043,280
0.038,280
0.044,280
0.04,280
0.044,280
0.039,280
0.045,280
0.039,280
0.048,280
0.047,280
0.043,280
0.042,280
0.05,280
0.041,280
0.044,280
0.041,280
0.046,280
0.038,280
0.046,280
0.048,280
0.047,280
0.039,280
0.049,280
0.045,280
0.044,280
0.039,280
0.046,280
0.042,280
0.114,280
0.039,280
0.044,280
0.037,280
0.048,280
0.041,280
0.044,280
0.044,280
0.043,280
0.043,280
0.045,280
0.039,280
0.047,280
0.039,280
0.041,280
0.038,280
0.043,280
0.04,280
0.044,280
0.043,280
0.045,280
0.037,280
0.044,280
0.038,280
0.042,280
0.041,280
0.044,280
0.038,280
0.047,280
0.04,280
0.044,280
0.039,280
0.041,280
0.039,280
0.049,280
0.04,280
0.045,280
0.038,280
0.051,280
0.039,280
0.041,280
0.037,280
0.045,280
0.041,280
0.043,280
0.101,280
0.043,280
0.039,280
0.04,280
0.038,280
0.043,280
0.041,280
0.044,280
0.038,280
0.045,280
0.054,280
0.046,280
0.04,280
0.043,280
0.037,280
0.046,280
0.04,280
0.042,280
0.052,280
0.046,280
0.041,280
0.051,280
0.039,280
0.04,280
0.038,280
0.045,280
0.04,280
0.042,280
0.045,280
0.041,280
0.039,280
0.044,280
0.039,280
0.044,280
0.059,280
0.05,280
0.041,280
0.051,280
0.053,280
0.05,280
0.052,280
0.042,280
0.038,280
0.045,280
0.045,280
0.041,280
0.042,280
0.043,280
0.041,280
0.049,280
0.044,280
0.043,280
0.045,280
0.043,280
0.085,280
0.045,280
0.041,280
0.044,280
0.043,280
0.044,280
0.047,280
0.044,280
0.041,280
0.042,280
0.038,280
0.043,280
0.038,280
0.041,280
0.037,280
0.044,280
0.038,280
0.042,280
0.038,280
0.047,280
0.042,280
0.045,280
0.045,280
0.05,280
0.042,280
0.043,280
0.039,280
0.042,280
0.04,280
0.04,280
0.11,280
0.043,280
0.044,280
0.05,280
0.036,280
0.048,280
0.039,280
0.043,280
0.041,280
0.045,280
0.038,280
0.046,280
0.043,280
0.044,280
0.044,280
0.044,280
0.047,280
0.047,280
0.041,280
0.061,280
0.04,280
0.043,280
0.044,280
0.047,280
0.048,280
0.043,280
0.052,280
0.049,280
0.046,280
0.046,280
0.043,280
0.055,280
0.039,280
0.053,280
0.04,280
0.044,280
0.052,280
0.042,280
0.038,280
0.042,280
0.041,280
0.042,280
0.041,280
0.045,280
0.04,280
0.05,280
0.041,280
0.046,280
0.049,280
0.046,280
0.043,280
0.052,280
0.04,280
0.046,280
0.04,280
0.046,280
0.042,280
0.043,280
0.041,280
0.046,280
0.05,280
0.052,280
0.041,280
0.046,280
0.041,280
0.045,280
0.046,280
0.046,280
0.04,280
0.046,280
0.042,280
0.043,280
0.041,280
0.045,280
0.045,280
0.045,280
0.041,280
0.045,280
0.041,280
0.048,280
0.05,280
0.052,280
0.041,280
0.045,280
0.039,280
0.042,280
0.04,280
0.045,280
0.041,280
0.046,280
0.042,280
0.045,280
0.069,280
0.056,280
0.05,280
0.042,280
0.05,280
0.057,280
0.05,280
0.049,280
0.042,280
0.045,280
0.102,280
0.045,280
0.041,280
0.044,280
0.047,280
0.048,280
0.043,280
0.046,280
0.051,280
0.044,280
0.04,280
0.046,280
0.092,280
0.046,280
0.051,280
0.052,280
0.051,280
0.061,280
0.039,280
0.043,280
0.041,280
0.044,280
0.041,280
0.044,280
0.091,280
0.044,280
0.038,280
0.048,280
0.052,280
0.053,280
0.047,280
0.045,280
0.049,280
0.044,280
0.042,280
0.042,280
0.043,280
0.045,280
0.038,280
0.047,280
0.049,280
0.044,280
0.04,280
0.049,280
0.044,280
0.045,280
0.042,280
0.046,280
0.044,280
0.047,280
0.039,280
0.044,280
0.04,280
0.048,280
0.046,280
0.067,280
0.041,280
0.052,280
0.045,280
0.046,280
0.053,280
0.051,280
0.043,280
0.045,280
0.044,280
0.046,280
0.043,280
0.046,280
0.042,280
0.046,280
0.056,280
0.05,280
0.043,280
0.047,280
0.038,280
0.042,280
0.04,280
0.044,280
0.041,280
0.044,280
0.041,280
0.05,280
0.04,280
0.042,280
0.044,280
0.045,280
0.058,280
0.044,280
0.068,280
0.059,280
0.04,280
0.042,280
0.04,280
0.047,280
0.04,280
0.047,280
0.039,280
0.044,280
0.042,280
0.043,280
0.041,280
0.048,280
0.041,280
0.055,280
0.041,280
0.045,280
0.045,280
0.044,280
0.042,280
0.044,280
0.045,280
0.05,280
0.043,280
0.048,280
0.055,280
0.051,280
0.039,280
0.045,280
0.045,280
0.042,280
0.055,280
0.059,280
0.039,280
0.042,280
0.043,280
0.046,280
0.043,280
0.043,280
0.062,280
0.044,280
0.042,280
0.045,280
0.042,280
0.044,280
0.047,280
0.043,280
0.04,280
0.043,280
0.043,280
0.053,280
0.041,280
0.043,280
0.046,280
0.042,280
0.042,280
0.049,280
0.042,280
0.042,280
0.049,280
0.051,280
0.044,280
0.043,280
0.04,280
0.051,280
0.039,280
0.045,280
0.044,280
0.046,280
0.044,280
0.045,280
0.043,280
0.045,280
0.042,280
0.049,280
0.04,280
0.047,280
0.044,280
0.045,280
0.042,280
0.046,280
0.038,280
0.044,280
0.04,280
0.042,280
0.061,280
0.051,280
0.042,280
0.046,280
0.045,280
0.043,280
0.084,280
0.043,280
0.042,280
0.054,280
0.049,280
0.043,280
0.047,280
0.05,280
0.046,280
0.043,280
0.04,280
0.042,280
0.06,280
0.049,280
0.042,280
0.045,280
0.04,280
0.047,280
0.042,280
0.046,280
0.038,280
0.042,280
0.05,280
0.048,280
0.043,280
0.045,280
0.041,280
0.044,280
0.057,280
0.051,280
0.04,280
0.046,280
0.041,280
0.044,280
0.042,280
0.045,280
0.039,280
0.047,280
0.057,280
0.058,280
0.043,280
0.045,280
0.043,280
0.047,280
0.043,280
0.044,280
0.043,280
0.045,280
0.048,280
0.043,280
0.053,280
0.058,280
0.043,280
0.043,280
0.04,280
0.042,280
0.038,280
0.043,280
0.053,280
0.055,280
0.045,280
0.045,280
0.04,280
0.044,280
0.101,280
0.044,280
0.05,280
0.048,280
0.04,280
0.047,280
0.043,280
0.047,280
0.084,280
0.045,280
0.043,280
0.044,280
0.039,280
0.043,280
0.043,280
0.046,280
0.042,280
0.05,280
0.068,280
0.047,280
0.043,280
0.046,280
0.039,280
0.046,280
0.041,280
0.049,280
0.044,280
0.045,280
0.04,280
0.115,280
0.044,280
0.046,280
0.04,280
0.048,280
0.039,280
0.047,280
0.042,280
0.045,280
0.042,280
0.043,280
0.042,280
0.043,280
0.04,280
0.058,280
0.045,280
0.043,280
0.037,280
0.043,280
0.042,280
0.045,280
0.046,280
0.043,280
0.049,280
0.049,280
0.041,280
0.043,280
0.052,280
0.053,280
0.04,280
0.047,280
0.041,280
0.045,280
0.043,280
0.044,280
0.041,280
0.094,280
0.039,280
0.043,280
0.041,280
0.043,280
0.043,280
0.051,280
0.051,280
0.045,280
0.043,280
0.046,280
0.041,280
0.042,280
0.039,280
0.044,280
0.048,280
0.044,280
0.042,280
0.044,280
0.055,280
0.046,280
0.046,280
0.045,280
0.042,280
0.058,280
0.047,280
0.046,280
0.055,280
0.044,280
0.043,280
0.043,280
0.041,280
0.044,280
0.044,280
0.043,280
0.043,280
0.045,280
0.041,280
0.045,280
0.041,280
0.056,280
0.054,280
0.055,280
0.041,280
0.045,280
0.039,280
0.055,280
0.044,280
0.044,280
0.047,280
0.042,280
0.04,280
0.043,280
0.055,280
0.051,280
0.044,280
0.046,280
0.041,280
0.043,280
0.039,280
0.045,280
0.038,280
0.046,280
0.042,280
0.043,280
0.04,280
0.047,280
0.045,280
0.045,280
0.042,280
0.043,280
0.042,280
0.054,280
0.042,280
0.043,280
0.04,280
0.047,280
0.041,280
0.045,280
0.043,280
0.05,280
0.038,280
0.046,280
0.046,280
0.052,280
0.043,280
0.048,280
0.047,280
0.046,280
0.043,280
0.093,280
0.043,280
0.044,280
0.037,280
0.043,280
0.04,280
0.045,280
0.038,280
0.046,280
0.042,280
0.045,280
0.041,280
0.048,280
0.051,280
0.062,280
0.041,280
0.043,280
0.044,280
0.061,280
0.042,280
0.045,280
0.042,280
0.046,280
0.044,280
0.045,280
0.043,280
0.043,280
0.102,280
0.052,280
0.045,280
0.047,280
0.055,280
0.119,280
0.045,280
0.05,280
0.041,280
0.044,280
0.041,280
0.044,280
0.039,280
0.043,280
0.04,280
0.046,280
0.041,280
0.043,280
0.046,280
0.044,280
0.037,280
0.048,280
0.039,280
0.042,280
0.038,280
0.054,280
0.041,280
0.043,280
0.044,280
0.046,280
0.039,280
0.043,280
0.04,280
0.067,280
0.039,280
0.044,280
0.04,280
0.052,280
0.043,280
0.046,280
0.036,280
0.046,280
0.052,280
0.048,280
0.041,280
0.053,280
0.055,280
0.043,280
0.044,280
0.044,280
0.04,280
0.042,280
0.077,280
0.054,280
0.041,280
0.044,280
0.044,280
0.043,280
0.069,280
0.06,280
0.04,280
0.049,280
0.053,280
0.051,280
0.038,280
0.044,280
0.042,280
0.044,280
0.047,280
0.045,280
0.038,280
0.044,280
0.05,280
0.047,280
0.041,280
0.047,280
0.056,280
0.046,280
0.044,280
0.078,280
0.042,280
0.045,280
0.059,280
0.049,280
0.041,280
0.045,280
0.042,280
0.053,280
0.062,280
0.048,280
0.043,280
0.043,280
0.042,280
0.045,280
0.041,280
0.044,280
0.041,280
0.045,280
0.042,280
0.044,280
0.044,280
0.044,280
0.042,280
0.047,280
0.04,280
0.044,280
0.041,280
0.043,280
0.056,280
0.045,280
0.042,280
0.043,280
0.059,280
0.045,280
0.041,280
0.045,280
0.04,280
0.042,280
0.051,280
0.051,280
0.042,280
0.045,280
0.045,280
0.046,280
0.055,280
0.045,280
0.042,280
0.045,280
0.038,280
0.044,280
0.038,280
0.043,280
0.047,280
0.047,280
0.04,280
0.046,280
0.036,280
0.047,280
0.048,280
0.042,280
0.042,280
0.046,280
0.087,280
0.048,280
0.045,280
0.044,280
0.047,280
0.046,280
0.053,280
0.045,280
0.041,280
0.043,280
0.054,280
0.052,280
0.046,280
0.044,280
0.052,280
0.048,280
0.047,280
0.043,280
0.04,280
0.045,280
0.063,280
0.061,280
0.042,280
0.046,280
0.044,280
0.045,280
0.039,280
0.045,280
0.042,280
0.044,280
0.039,280
0.045,280
0.041,280
0.04,280
0.041,280
0.047,280
0.051,280
0.047,280
0.047,280
0.043,280
0.045,280
0.046,280
0.039,280
0.044,280
0.044,280
0.042,280
0.045,280
0.047,280
0.042,280
0.043,280
0.04,280
0.043,280
0.049,280
0.045,280
0.042,280
0.044,280
0.042,280
0.056,280
0.04,280
0.045,280
0.041,280
0.045,280
0.039,280
0.043,280
0.051,280
0.044,280
0.042,280
0.041,280
0.04,280
0.056,280
0.059,280
0.041,280
0.052,280
0.044,280
0.05,280
0.055,280
0.04,280
0.046,280
0.041,280
0.048,280
0.044,280
0.047,280
0.046,280
0.048,280
0.045,280
0.052,280
0.04,280
0.045,280
0.043,280
0.053,280
0.05,280
0.049,280
0.05,280
0.048,280
0.05,280
0.045,280
0.048,280
0.049,280
0.041,280
0.057,280
0.053,280
0.054,280
0.041,280
0.046,280
0.053,280
0.046,280
0.039,280
0.044,280
0.044,280
0.06,280
0.043,280
0.046,280
0.046,280
0.045,280
0.042,280
0.045,280
0.045,280
0.045,280
0.042,280
0.044,280
0.038,280
0.046,280
0.098,280
0.046,280
0.043,280
0.044,280
0.045,280
0.046,280
0.042,280
0.043,280
0.041,280
0.043,280
0.04,280
0.047,280
0.036,280
0.048,280
0.043,280
0.045,280
0.203,280
0.043,280
0.041,280
0.046,280
0.04,280
0.045,280
0.043,280
0.048,280
0.058,280
0.048,280
0.047,280
0.044,280
0.042,280
0.045,280
0.04,280
0.051,280
0.048,280
0.057,280
0.042,280
0.044,280
0.058,280
0.044,280
0.053,280
0.042,280
0.04,280
0.044,280
0.066,280
0.051,280
0.042,280
0.045,280
0.045,280
0.047,280
0.04,280
0.044,280
0.041,280
0.043,280
0.058,280
0.051,280
0.042,280
0.046,280
0.049,280
0.061,280
0.043,280
0.049,280
0.052,280
0.047,280
0.047,280
0.046,280
0.041,280
0.048,280
0.045,280
0.048,280
0.045,280
0.047,280
0.052,280
0.051,280
0.044,280
0.042,280
0.04,280
0.043,280
0.048,280
0.046,280
0.042,280
0.043,280
0.044,280
0.049,280
0.041,280
0.057,280
0.038,280
0.044,280
0.041,280
0.046,280
0.044,280
0.422,280
0.04,280
0.051,280
0.041,280
0.045,280
0.044,280
0.052,280
0.041,280
0.043,280
0.04,280
0.042,280
0.044,280
0.043,280
0.041,280
0.105,280
0.044,280
0.069,280
0.055,280
0.046,280
0.041,280
0.046,280
0.041,280
0.044,280
0.045,280
0.047,280
0.04,280
0.043,280
0.048,280
0.054,280
0.044,280
0.051,280
0.047,280
0.049,280
0.04,280
0.044,280
0.043,280
0.044,280
0.057,280
0.043,280
0.043,280
0.044,280
0.04,280
0.053,280
0.038,280
0.043,280
0.042,280
0.042,280
0.044,280
0.047,280
0.04,280
0.045,280
0.05,280
0.056,280
0.055,280
0.05,280
0.039,280
0.044,280
0.044,280
0.044,280
0.044,280
0.051,280
0.039,280
0.044,280
0.037,280
0.042,280
0.042,280
0.045,280
0.039,280
0.044,280
0.04,280
0.046,280
0.045,280
0.045,280
0.042,280
0.057,280
0.041,280
0.045,280
0.041,280
0.044,280
0.045,280
0.046,280
0.042,280
0.045,280
0.062,280
0.053,280
0.054,280
0.046,280
0.09,280
0.049,280
0.042,280
0.042,280
0.041,280
0.045,280
0.044,280
0.059,280
0.043,280
0.044,280
0.043,280
0.045,280
0.042,280
0.055,280
0.041,280
0.044,280
0.045,280
0.045,280
0.04,280
0.045,280
0.039,280
0.05,280
0.041,280
0.045,280
0.052,280
0.08,280
0.041,280
0.044,280
0.041,280
0.045,280
0.055,280
0.047,280
0.041,280
0.048,280
0.039,280
0.048,280
0.04,280
0.043,280
0.042,280
0.043,280
0.04,280
0.044,280
0.051,280
0.063,280
0.039,280
0.043,280
0.042,280
0.044,280
0.04,280
0.045,280
0.041,280
0.05,280
0.049,280
0.043,280
0.041,280
0.052,280
0.041,280
0.043,280
0.043,280
0.045,280
0.05,280
0.044,280
0.042,280
0.044,280
0.04,280
0.043,280
0.041,280
0.043,280
0.037,280
0.044,280
0.047,280
0.049,280
0.038,280
0.046,280
0.052,280
0.045,280
0.043,280
0.045,280
0.041,280
0.044,280
0.04,280
0.043,280
0.038,280
0.047,280
0.038,280
0.044,280
0.039,280
0.044,280
0.044,280
0.045,280
0.042,280
0.045,280
0.053,280
0.046,280
0.05,280
0.046,280
0.038,280
0.046,280
0.052,280
0.047,280
0.042,280
0.049,280
0.044,280
0.045,280
0.042,280
0.044,280
0.057,280
0.043,280
0.046,280
0.049,280
0.042,280
0.044,280
0.041,280
0.048,280
0.05,280
0.046,280
0.042,280
0.043,280
0.04,280
0.045,280
0.045,280
0.045,280
0.055,280
0.095,280
0.052,280
0.053,280
0.041,280
0.043,280
0.042,280
0.051,280
0.039,280
0.047,280
0.038,280
0.05,280
0.044,280
0.05,280
0.038,280
0.043,280
0.042,280
0.045,280
0.042,280
0.045,280
0.052,280
0.051,280
0.038,280
0.045,280
0.036,280
0.046,280
0.043,280
0.043,280
0.044,280
0.044,280
0.04,280
0.045,280
0.039,280
0.062,280
0.042,280
0.048,280
0.037,280
0.052,280
0.042,280
0.045,280
0.04,280
0.043,280
0.052,280
0.045,280
0.042,280
0.045,280
0.043,280
0.045,280
0.044,280
0.045,280
0.043,280
0.064,280
0.043,280
0.042,280
0.041,280
0.047,280
0.049,280
0.044,280
0.049,280
0.067,280
0.039,280
0.046,280
0.054,280
0.048,280
0.043,280
0.043,280
0.042,280
0.042,280
0.038,280
0.046,280
0.045,280
0.045,280
0.041,280
0.043,280
0.041,280
0.045,280
0.041,280
0.049,280
0.053,280
0.046,280
0.04,280
0.05,280
0.045,280
0.043,280
0.037,280
0.049,280
0.042,280
0.047,280
0.052,280
0.103,280
0.042,280
0.046,280
0.059,280
0.494,280
0.049,280
0.054,280
0.04,280
0.047,280
0.048,280
0.047,280
0.039,280
0.046,280
0.038,280
0.045,280
0.04,280
0.05,280
0.037,280
0.045,280
0.041,280
0.043,280
0.042,280
0.043,280
0.042,280
0.045,280
0.039,280
0.045,280
0.041,280
0.046,280
0.039,280
0.049,280
0.096,280
0.044,280
0.039,280
0.045,280
0.042,280
0.043,280
0.045,280
0.044,280
0.042,280
0.046,280
0.041,280
0.043,280
0.04,280
0.044,280
0.042,280
0.052,280
0.044,280
0.043,280
0.054,280
0.047,280
0.042,280
0.044,280
0.042,280
0.042,280
0.055,280
0.046,280
0.044,280
0.048,280
0.041,280
0.044,280
0.042,280
0.043,280
0.039,280
0.044,280
0.042,280
0.075,280
0.041,280
0.045,280
0.041,280
0.044,280
0.038,280
0.048,280
0.042,280
0.042,280
0.09,280
0.059,280
0.042,280
0.042,280
0.041,280
0.045,280
0.041,280
0.045,280
0.041,280
0.044,280
0.051,280
0.043,280
0.038,280
0.048,280
0.04,280
0.044,280
0.038,280
0.043,280
0.233,280
0.053,280
0.045,280
0.046,280
0.042,280
0.044,280
0.055,280
0.054,280
0.042,280
0.045,280
0.056,280
0.043,280
0.045,280
0.044,280
0.044,280
0.041,280
0.04,280
0.043,280
0.067,280
0.046,280
0.043,280
0.044,280
0.04,280
0.044,280
0.04,280
0.042,280
0.041,280
0.044,280
0.042,280
0.046,280
