71.6,280
70.241,280
59.493,280
72.116,280
77.992,280
67.564,280
72.52,280
70.69,280
72.224,280
73.607,280
67.158,280
77.245,280
71.145,280
77.625,280
75.071,280
71.616,280
66.827,280
80.318,280
69.482,280
76.559,280
78.204,280
75.022,280
73.83,280
75.323,280
76.16,280
80.888,280
82.989,280
68.239,280
77.876,280
62.239,280
73.773,280
80.283,280
69.554,280
73.825,280
79.004,280
74.833,280
76.281,280
71.756,280
69.233,280
75.518,280
72.993,280
60.702,280
69.58,280
78.712,280
75.598,280
80.962,280
66.781,280
76.38,280
75.86,280
70.703,280
73.391,280
73.28,280
81.841,280
71.756,280
72.786,280
82.539,280
86.246,280
74.49,280
72.215,280
62.902,280
78.61,280
65.803,280
75.353,280
74.801,280
72.797,280
68.152,280
71.495,280
72.776,280
71.183,280
76.648,280
72.159,280
76.823,280
76.746,280
70.922,280
75.235,280
72.781,280
65.888,280
76.292,280
71.32,280
70.587,280
77.755,280
61.422,280
75.144,280
77.979,280
69.178,280
75.152,280
75.739,280
77.227,280
75.214,280
73.621,280
77.946,280
76.483,280
76.372,280
76.947,280
71.627,280
72.756,280
76.901,280
76.873,280
73.881,280
66.741,280
73.982,280
71.513,280
72.992,280
68.807,280
70.383,280
81.63,280
81.011,280
80.142,280
71.174,280
71.915,280
76.86,280
69.437,280
69.31,280
74.798,280
74.711,280
69.493,280
71.97,280
76.725,280
74.129,280
76.538,280
68.099,280
76.16,280
74.51,280
77.623,280
72.221,280
68.093,280
77.246,280
74.875,280
78.555,280
72.849,280
72.824,280
71.681,280
75.836,280
71.714,280
71.972,280
77.896,280
72.08,280
68.976,280
74.138,280
74.201,280
70.842,280
71.576,280
76.274,280
85.796,280
62.355,280
70.298,280
69.564,280
74.733,280
76.5,280
72.354,280
65.497,280
69.382,280
72.307,280
71.412,280
77.031,280
74.474,280
74.771,280
71.959,280
62.202,280
67.404,280
74.721,280
73.806,280
69.384,280
74.213,280
74.587,280
79.331,280
75.053,280
71.53,280
71.084,280
74.223,280
70.309,280
73.891,280
71.82,280
74.49,280
71.32,280
73.753,280
74.824,280
74.842,280
79.009,280
75.547,280
61.358,280
75.438,280
70.99,280
74.957,280
67.186,280
73.598,280
74.391,280
74.43,280
73.794,280
73.97,280
74.509,280
68.0,280
71.135,280
71.559,280
76.207,280
81.573,280
75.17,280
70.109,280
72.437,280
81.255,280
67.705,280
78.157,280
80.462,280
75.63,280
72.173,280
73.252,280
75.201,280
81.309,280
72.125,280
72.962,280
73.72,280
71.326,280
71.091,280
80.966,280
70.13,280
78.23,280
67.582,280
77.861,280
69.271,280
74.038,280
73.847,280
63.647,280
71.263,280
66.316,280
75.431,280
75.023,280
75.56,280
72.461,280
74.839,280
73.812,280
71.789,280
74.129,280
76.276,280
72.719,280
72.418,280
71.601,280
74.573,280
73.009,280
68.566,280
76.306,280
73.917,280
68.243,280
72.678,280
80.0,280
74.547,280
72.574,280
77.446,280
74.279,280
79.409,280
78.641,280
81.031,280
79.886,280
71.565,280
75.723,280
75.595,280
78.026,280
77.044,280
76.73,280
71.056,280
71.045,280
75.183,280
128.014,280
72.155,280
77.443,280
73.809,280
72.433,280
75.039,280
85.536,280
72.434,280
83.287,280
72.82,280
72.757,280
78.983,280
81.225,280
73.803,280
75.913,280
74.148,280
71.771,280
75.868,280
72.704,280
84.06,280
71.558,280
81.873,280
80.595,280
80.632,280
74.505,280
68.293,280
78.572,280
75.88,280
79.759,280
83.036,280
78.909,280
75.898,280
83.316,280
81.818,280
76.706,280
79.042,280
78.027,280
75.646,280
79.067,280
85.041,280
92.592,280
80.609,280
72.699,280
75.165,280
77.963,280
75.753,280
68.494,280
69.115,280
77.183,280
88.061,280
81.373,280
79.29,280
78.293,280
75.486,280
76.253,280
76.707,280
78.003,280
78.761,280
81.599,280
74.941,280
75.771,280
132.83,280
78.797,280
78.61,280
79.193,280
73.533,280
74.316,280
82.557,280
78.792,280
76.458,280
78.508,280
77.092,280
74.057,280
80.709,280
78.83,280
80.288,280
87.196,280
72.698,280
73.182,280
82.781,280
73.963,280
78.454,280
79.511,280
72.281,280
78.731,280
75.518,280
87.994,280
71.637,280
75.051,280
78.16,280
74.302,280
73.078,280
75.697,280
72.819,280
79.764,280
69.314,280
75.952,280
76.824,280
73.735,280
77.445,280
74.707,280
71.333,280
73.896,280
74.966,280
75.707,280
80.365,280
78.838,280
78.123,280
75.997,280
79.972,280
82.908,280
84.34,280
85.365,280
75.495,280
77.161,280
76.159,280
78.792,280
73.693,280
74.972,280
73.608,280
73.984,280
72.73,280
75.676,280
74.829,280
75.082,280
74.595,280
81.792,280
76.795,280
78.066,280
78.89,280
79.86,280
79.938,280
75.415,280
74.324,280
73.794,280
81.719,280
73.839,280
72.058,280
74.181,280
74.65,280
77.373,280
81.222,280
73.548,280
80.765,280
72.706,280
74.512,280
74.952,280
79.105,280
76.643,280
74.543,280
80.365,280
75.313,280
78.838,280
76.541,280
82.375,280
82.484,280
78.291,280
76.236,280
70.486,280
73.454,280
87.107,280
82.575,280
75.209,280
79.341,280
72.29,280
77.926,280
76.0,280
76.472,280
75.38,280
84.59,280
82.438,280
79.225,280
78.363,280
77.956,280
74.808,280
81.995,280
80.072,280
79.094,280
77.021,280
85.972,280
80.421,280
76.815,280
85.303,280
77.807,280
86.456,280
83.469,280
73.817,280
75.545,280
82.974,280
72.229,280
77.608,280
71.974,280
74.224,280
78.04,280
80.196,280
80.283,280
128.91,280
74.113,280
76.34,280
78.845,280
73.3,280
89.832,280
78.734,280
80.097,280
82.287,280
78.386,280
78.963,280
130.392,280
72.844,280
80.291,280
74.731,280
77.186,280
78.876,280
75.695,280
78.303,280
83.245,280
75.971,280
78.405,280
75.938,280
82.875,280
81.749,280
81.23,280
78.832,280
75.95,280
72.456,280
81.218,280
78.501,280
77.833,280
81.941,280
77.799,280
78.307,280
77.734,280
80.857,280
86.782,280
77.004,280
77.9,280
77.485,280
76.936,280
80.807,280
73.987,280
81.186,280
76.599,280
77.881,280
86.884,280
74.492,280
76.82,280
79.133,280
72.204,280
78.04,280
75.278,280
71.997,280
73.574,280
74.586,280
151.913,280
76.245,280
74.622,280
79.658,280
76.207,280
76.521,280
75.41,280
84.097,280
79.574,280
137.03,280
73.544,280
82.246,280
77.468,280
76.692,280
78.705,280
81.699,280
77.427,280
76.444,280
74.746,280
76.782,280
80.04,280
74.777,280
74.419,280
74.731,280
75.146,280
86.567,280
76.445,280
77.977,280
78.859,280
81.107,280
78.691,280
76.577,280
77.024,280
77.871,280
75.196,280
77.238,280
73.317,280
77.193,280
77.228,280
77.818,280
83.229,280
77.564,280
80.895,280
82.81,280
76.467,280
78.935,280
72.894,280
77.798,280
79.303,280
75.024,280
65.645,280
79.317,280
76.772,280
78.594,280
76.21,280
84.023,280
75.628,280
76.924,280
78.395,280
79.514,280
76.834,280
73.401,280
85.192,280
75.664,280
71.79,280
75.582,280
83.369,280
78.216,280
81.484,280
74.888,280
73.999,280
75.752,280
76.402,280
72.179,280
77.005,280
76.599,280
84.162,280
76.385,280
75.81,280
83.021,280
74.333,280
76.927,280
75.978,280
78.55,280
80.479,280
74.494,280
75.503,280
90.663,280
80.293,280
76.253,280
82.187,280
76.953,280
70.717,280
69.622,280
81.006,280
82.513,280
73.409,280
79.647,280
74.587,280
78.976,280
74.139,280
73.273,280
75.173,280
80.186,280
78.83,280
82.942,280
79.231,280
76.966,280
82.683,280
72.211,280
88.694,280
80.355,280
188.645,280
74.784,280
73.558,280
78.873,280
83.621,280
83.625,280
78.697,280
74.518,280
86.278,280
80.146,280
78.992,280
75.127,280
76.645,280
78.996,280
77.77,280
87.382,280
66.462,280
73.955,280
73.044,280
77.484,280
76.941,280
76.204,280
85.469,280
77.92,280
76.19,280
75.534,280
74.985,280
77.117,280
85.935,280
63.153,280
73.87,280
68.986,280
75.143,280
80.959,280
75.067,280
79.635,280
76.602,280
73.424,280
79.217,280
75.731,280
76.841,280
75.021,280
78.325,280
76.93,280
79.784,280
77.774,280
77.877,280
74.837,280
76.572,280
77.947,280
75.468,280
74.387,280
75.683,280
75.569,280
76.703,280
74.916,280
78.737,280
77.14,280
77.084,280
77.261,280
74.212,280
81.678,280
87.469,280
74.395,280
76.429,280
77.081,280
80.671,280
76.392,280
77.042,280
74.242,280
72.817,280
84.458,280
80.627,280
80.732,280
79.547,280
77.792,280
74.48,280
79.326,280
74.455,280
74.127,280
75.725,280
85.78,280
82.404,280
75.386,280
83.274,280
74.66,280
77.639,280
77.218,280
85.747,280
77.941,280
79.811,280
82.629,280
81.538,280
80.855,280
75.911,280
87.775,280
77.19,280
74.554,280
77.504,280
78.756,280
79.749,280
78.0,280
75.432,280
74.957,280
71.911,280
78.767,280
76.79,280
78.477,280
77.884,280
81.925,280
83.569,280
76.546,280
74.06,280
73.744,280
79.3,280
74.09,280
77.216,280
76.498,280
75.443,280
74.047,280
83.722,280
72.118,280
73.198,280
79.387,280
77.904,280
75.993,280
81.112,280
84.485,280
76.187,280
79.761,280
79.788,280
76.098,280
80.254,280
79.77,280
81.378,280
84.201,280
78.156,280
77.012,280
78.158,280
75.966,280
84.974,280
81.299,280
75.273,280
74.612,280
78.963,280
78.457,280
77.521,280
89.046,280
77.399,280
76.626,280
82.732,280
78.076,280
81.464,280
77.96,280
79.215,280
77.497,280
76.592,280
80.21,280
75.076,280
75.911,280
81.078,280
75.092,280
76.827,280
79.539,280
77.945,280
76.184,280
79.454,280
74.121,280
76.594,280
77.112,280
77.633,280
78.185,280
82.443,280
78.005,280
79.608,280
77.638,280
85.987,280
80.679,280
79.973,280
74.752,280
75.28,280
81.071,280
75.678,280
82.369,280
81.538,280
76.372,280
81.274,280
79.366,280
77.602,280
74.907,280
82.425,280
79.55,280
83.842,280
78.161,280
75.831,280
75.56,280
76.428,280
76.071,280
79.193,280
76.818,280
78.304,280
82.243,280
84.701,280
79.14,280
71.716,280
73.564,280
124.526,280
85.752,280
73.989,280
83.047,280
77.205,280
73.226,280
84.937,280
83.702,280
77.731,280
74.065,280
81.243,280
78.163,280
75.972,280
82.453,280
80.978,280
85.866,280
84.767,280
81.311,280
74.252,280
81.422,280
83.777,280
77.814,280
76.801,280
76.076,280
82.512,280
75.743,280
81.234,280
80.212,280
78.918,280
76.664,280
82.252,280
78.58,280
75.586,280
76.465,280
82.542,280
79.22,280
72.688,280
85.484,280
125.486,280
78.654,280
78.089,280
81.135,280
83.067,280
79.426,280
74.752,280
74.683,280
84.332,280
76.079,280
77.313,280
77.15,280
78.022,280
72.821,280
79.837,280
82.212,280
79.919,280
77.413,280
73.625,280
