0.071,280
0.305,280
0.383,280
0.249,280
0.29,280
0.326,280
0.285,280
0.376,280
0.24,280
0.289,280
0.321,280
0.331,280
0.287,280
0.23,280
0.283,280
0.233,280
0.329,280
0.369,280
0.235,280
0.331,280
0.304,280
0.261,280
0.325,280
0.301,280
0.253,280
0.25,280
80.557,280
0.265,280
0.263,280
0.33,280
0.306,280
0.343,280
0.269,280
0.241,280
0.249,280
0.389,280
0.441,280
0.262,280
0.346,280
0.287,280
0.295,280
0.394,280
0.329,280
0.255,280
0.371,280
0.279,280
0.27,280
0.363,280
0.314,280
0.311,280
0.295,280
82.015,280
0.28,280
0.277,280
0.33,280
0.291,280
0.332,280
0.27,280
0.255,280
0.309,280
0.403,280
0.39,280
0.302,280
0.364,280
0.269,280
0.303,280
0.381,280
0.345,280
0.262,280
0.342,280
0.245,280
0.275,280
0.315,280
0.333,280
0.282,280
0.307,280
86.166,280
0.261,280
0.284,280
0.339,280
0.296,280
0.328,280
0.281,280
0.232,280
0.33,280
0.41,280
0.433,280
0.273,280
0.357,280
0.28,280
0.284,280
0.652,280
0.322,280
0.262,280
0.345,280
0.269,280
0.27,280
0.328,280
0.332,280
0.291,280
0.285,280
91.883,280
0.26,280
0.282,280
0.331,280
0.31,280
0.338,280
0.3,280
0.239,280
0.279,280
0.37,280
0.38,280
0.388,280
0.353,280
0.265,280
0.301,280
0.395,280
0.287,280
0.269,280
0.293,280
0.287,280
0.268,280
0.333,280
0.331,280
0.3,280
0.309,280
83.748,280
0.25,280
0.28,280
0.329,280
0.299,280
0.318,280
0.255,280
0.291,280
0.287,280
0.402,280
0.382,280
0.274,280
0.365,280
0.33,280
0.264,280
0.378,280
0.31,280
0.26,280
0.339,280
0.267,280
0.258,280
0.32,280
0.333,280
0.291,280
0.337,280
84.499,280
0.251,280
0.285,280
0.329,280
0.295,280
0.339,280
0.268,280
0.266,280
0.285,280
0.393,280
0.383,280
0.276,280
0.409,280
0.261,280
0.283,280
0.389,280
0.41,280
0.239,280
0.341,280
0.274,280
0.286,280
0.33,280
0.315,280
0.255,280
0.32,280
92.146,280
0.275,280
0.258,280
0.312,280
0.312,280
0.318,280
0.251,280
0.226,280
0.29,280
0.387,280
0.389,280
0.339,280
0.358,280
0.263,280
0.302,280
0.407,280
0.323,280
0.26,280
0.353,280
0.264,280
0.332,280
0.316,280
0.33,280
0.294,280
0.288,280
79.654,280
0.268,280
0.272,280
0.321,280
0.295,280
0.312,280
0.257,280
0.259,280
0.298,280
0.543,280
0.394,280
0.26,280
0.396,280
0.65,280
0.286,280
0.405,280
0.326,280
0.265,280
0.288,280
0.27,280
0.498,280
0.307,280
0.307,280
0.317,280
0.37,280
82.363,280
0.25,280
0.255,280
0.302,280
0.28,280
0.318,280
0.272,280
0.238,280
0.33,280
0.388,280
0.426,280
0.309,280
0.355,280
0.266,280
0.275,280
0.38,280
0.31,280
0.26,280
0.325,280
0.268,280
0.27,280
0.312,280
0.339,280
0.312,280
0.303,280
80.928,280
0.31,280
0.263,280
0.324,280
0.296,280
0.316,280
0.269,280
0.253,280
0.307,280
0.391,280
0.385,280
0.268,280
0.353,280
0.26,280
0.301,280
0.386,280
0.327,280
0.266,280
0.319,280
0.267,280
0.268,280
0.304,280
0.319,280
0.292,280
0.276,280
89.083,280
0.254,280
0.307,280
0.401,280
0.307,280
0.328,280
0.263,280
0.225,280
0.284,280
0.411,280
0.377,280
0.277,280
0.368,280
0.269,280
0.289,280
0.376,280
0.319,280
0.263,280
0.312,280
0.246,280
0.263,280
0.315,280
0.296,280
0.324,280
0.303,280
84.802,280
0.269,280
0.264,280
0.321,280
0.287,280
0.32,280
0.268,280
0.23,280
0.247,280
0.402,280
0.387,280
0.271,280
0.357,280
0.284,280
0.294,280
0.34,280
0.314,280
0.257,280
0.317,280
0.308,280
0.252,280
0.305,280
0.309,280
0.28,280
0.254,280
72.549,280
0.314,280
0.278,280
0.336,280
0.296,280
0.326,280
0.263,280
0.356,280
0.283,280
0.379,280
0.383,280
0.276,280
0.368,280
0.267,280
0.287,280
0.381,280
0.326,280
0.26,280
0.329,280
0.299,280
0.265,280
0.318,280
0.332,280
0.3,280
0.315,280
79.726,280
0.282,280
0.277,280
0.322,280
0.297,280
0.326,280
0.272,280
0.241,280
0.291,280
0.361,280
0.401,280
0.258,280
0.354,280
0.263,280
0.284,280
0.376,280
0.318,280
0.256,280
0.343,280
0.234,280
0.263,280
0.329,280
0.316,280
0.268,280
0.29,280
84.952,280
0.325,280
0.268,280
0.322,280
0.323,280
0.333,280
0.27,280
0.253,280
0.305,280
0.38,280
0.387,280
0.228,280
0.342,280
0.34,280
0.289,280
0.383,280
0.334,280
0.26,280
0.36,280
0.264,280
0.272,280
0.327,280
0.333,280
0.309,280
0.286,280
74.324,280
0.259,280
0.261,280
0.842,280
0.267,280
0.388,280
0.264,280
0.246,280
0.289,280
0.378,280
0.4,280
0.285,280
0.366,280
0.273,280
0.297,280
0.379,280
0.323,280
0.294,280
0.389,280
0.265,280
0.269,280
0.318,280
0.331,280
0.331,280
0.283,280
79.781,280
0.303,280
0.285,280
0.338,280
0.285,280
0.347,280
0.283,280
0.233,280
0.292,280
0.382,280
0.39,280
0.27,280
0.352,280
0.3,280
0.289,280
0.393,280
0.315,280
0.245,280
0.321,280
0.264,280
0.288,280
0.342,280
0.33,280
0.315,280
0.259,280
88.806,280
0.262,280
0.275,280
0.28,280
0.286,280
0.284,280
0.26,280
0.216,280
0.27,280
0.383,280
0.367,280
0.271,280
0.357,280
0.26,280
0.273,280
0.361,280
0.307,280
0.235,280
0.315,280
0.247,280
0.284,280
0.315,280
0.327,280
0.299,280
0.313,280
70.608,280
0.269,280
0.27,280
0.335,280
0.289,280
0.336,280
0.278,280
0.237,280
0.291,280
0.396,280
0.355,280
0.247,280
0.322,280
0.26,280
0.292,280
0.358,280
0.309,280
0.31,280
0.326,280
0.253,280
0.279,280
0.315,280
0.383,280
0.297,280
0.3,280
81.506,280
0.262,280
0.274,280
0.326,280
0.292,280
0.334,280
0.267,280
0.254,280
0.321,280
0.42,280
0.436,280
0.364,280
0.381,280
0.275,280
0.245,280
0.357,280
0.315,280
0.275,280
0.339,280
0.261,280
0.244,280
0.291,280
0.329,280
0.276,280
0.28,280
83.643,280
0.265,280
0.268,280
0.33,280
0.298,280
0.321,280
0.258,280
0.25,280
0.286,280
0.325,280
0.382,280
0.309,280
0.355,280
0.231,280
0.25,280
0.322,280
0.274,280
0.24,280
0.281,280
0.258,280
0.275,280
0.308,280
0.324,280
0.292,280
0.305,280
71.934,280
0.274,280
0.272,280
0.383,280
0.284,280
0.315,280
0.301,280
0.254,280
0.286,280
0.39,280
0.382,280
0.258,280
0.358,280
0.266,280
0.305,280
0.383,280
0.321,280
0.291,280
0.371,280
0.281,280
0.265,280
0.275,280
0.324,280
0.303,280
0.292,280
81.581,280
0.262,280
0.295,280
0.331,280
0.294,280
0.334,280
0.269,280
0.237,280
0.297,280
0.386,280
0.37,280
0.261,280
0.305,280
0.339,280
0.299,280
0.389,280
0.326,280
0.245,280
0.341,280
0.253,280
0.27,280
0.381,280
0.329,280
0.274,280
0.304,280
77.317,280
0.261,280
0.27,280
0.295,280
0.309,280
0.324,280
0.273,280
0.222,280
0.284,280
0.387,280
0.403,280
0.264,280
0.351,280
0.263,280
0.29,280
0.418,280
0.304,280
0.253,280
0.378,280
0.272,280
0.278,280
0.319,280
0.335,280
0.294,280
0.274,280
71.662,280
0.262,280
0.25,280
0.292,280
0.305,280
0.291,280
0.248,280
0.246,280
0.272,280
0.372,280
0.4,280
0.275,280
0.355,280
4.37,280
0.297,280
0.381,280
0.316,280
0.269,280
0.334,280
0.258,280
0.274,280
0.301,280
0.28,280
0.265,280
0.304,280
71.203,280
0.265,280
0.271,280
0.338,280
0.29,280
0.317,280
0.259,280
0.23,280
0.286,280
0.383,280
0.388,280
0.271,280
0.313,280
0.291,280
0.272,280
0.364,280
0.3,280
0.245,280
0.354,280
0.249,280
0.271,280
0.31,280
0.339,280
0.292,280
0.278,280
71.909,280
0.301,280
0.373,280
0.247,280
0.273,280
0.319,280
0.357,280
0.346,280
0.243,280
0.271,280
0.227,280
0.374,280
0.321,280
0.264,280
0.308,280
0.248,280
0.327,280
0.32,280
0.259,280
0.323,280
0.31,280
0.347,280
0.305,280
0.268,280
0.246,280
0.263,280
84.574,280
0.383,280
0.234,280
0.274,280
0.27,280
0.258,280
0.272,280
0.308,280
0.218,280
0.251,280
0.28,280
0.298,280
0.213,280
0.234,280
0.353,280
0.246,280
0.289,280
0.267,280
0.225,280
0.298,280
0.221,280
0.244,280
0.363,280
0.263,280
0.281,280
0.351,280
0.246,280
73.831,280
0.365,280
0.235,280
0.293,280
0.298,280
0.263,280
0.292,280
0.339,280
0.304,280
0.28,280
0.296,280
0.316,280
0.279,280
0.223,280
0.335,280
0.24,280
0.309,280
0.354,280
0.252,280
0.321,280
0.246,280
0.255,280
0.379,280
0.291,280
0.289,280
0.366,280
0.232,280
89.692,280
0.339,280
0.254,280
0.301,280
0.301,280
0.29,280
0.3,280
0.323,280
0.265,280
0.276,280
0.305,280
0.321,280
1.099,280
0.235,280
0.323,280
0.237,280
0.284,280
0.337,280
0.228,280
0.327,280
0.239,280
0.268,280
0.428,280
0.311,280
0.286,280
0.368,280
0.246,280
82.907,280
0.38,280
0.214,280
0.294,280
0.269,280
0.274,280
0.294,280
0.332,280
0.225,280
0.326,280
0.28,280
0.278,280
0.231,280
0.226,280
0.312,280
0.225,280
0.278,280
0.255,280
0.268,280
0.332,280
0.277,280
0.274,280
0.387,280
0.302,280
0.288,280
0.336,280
0.238,280
77.803,280
0.377,280
0.238,280
0.296,280
0.288,280
0.743,280
0.292,280
0.323,280
0.248,280
0.273,280
0.289,280
0.33,280
0.228,280
0.24,280
0.34,280
0.281,280
0.298,280
0.264,280
0.267,280
0.331,280
0.225,280
0.263,280
0.331,280
0.322,280
0.29,280
0.353,280
0.254,280
91.528,280
0.37,280
0.228,280
0.47,280
0.312,280
0.276,280
0.325,280
0.368,280
0.205,280
0.266,280
0.305,280
0.317,280
0.238,280
0.235,280
0.328,280
0.742,280
0.311,280
0.375,280
0.247,280
0.333,280
0.238,280
0.265,280
0.38,280
0.288,280
0.291,280
0.365,280
0.233,280
96.127,280
0.366,280
0.247,280
0.273,280
0.295,280
0.282,280
0.293,280
0.307,280
0.239,280
0.273,280
0.296,280
0.312,280
0.241,280
0.23,280
0.336,280
0.237,280
0.294,280
0.27,280
0.261,280
0.332,280
0.236,280
0.287,280
0.375,280
0.318,280
0.295,280
0.404,280
0.239,280
85.881,280
0.381,280
0.24,280
0.283,280
0.284,280
0.282,280
0.311,280
0.343,280
0.211,280
0.256,280
0.275,280
0.312,280
0.21,280
0.207,280
0.309,280
0.215,280
0.28,280
0.252,280
0.259,280
0.332,280
0.28,280
0.272,280
0.42,280
0.309,280
0.275,280
0.341,280
0.216,280
82.774,280
0.382,280
0.227,280
0.285,280
0.298,280
0.272,280
0.301,280
0.326,280
0.233,280
0.262,280
0.304,280
0.329,280
0.23,280
0.231,280
0.316,280
0.235,280
0.296,280
0.307,280
0.265,280
0.329,280
0.244,280
0.284,280
0.428,280
0.368,280
0.281,280
0.373,280
0.223,280
89.225,280
0.384,280
0.238,280
0.292,280
0.249,280
0.243,280
0.287,280
0.331,280
0.237,280
0.268,280
0.289,280
0.31,280
0.235,280
0.25,280
0.288,280
0.235,280
0.319,280
0.228,280
0.255,280
0.317,280
0.228,280
0.242,280
0.362,280
0.256,280
0.289,280
0.356,280
0.217,280
81.963,280
0.368,280
0.233,280
0.304,280
0.299,280
0.264,280
0.273,280
0.294,280
0.216,280
0.238,280
0.296,280
0.334,280
0.27,280
0.222,280
0.313,280
0.206,280
0.265,280
0.246,280
0.227,280
0.283,280
0.234,280
0.284,280
0.388,280
0.275,280
0.29,280
0.349,280
0.234,280
73.946,280
0.364,280
0.236,280
0.299,280
0.293,280
0.271,280
0.289,280
0.354,280
0.226,280
0.258,280
0.303,280
0.321,280
0.294,280
0.24,280
0.332,280
0.231,280
0.307,280
0.265,280
0.272,280
0.322,280
0.244,280
0.268,280
0.394,280
0.27,280
0.25,280
0.307,280
0.239,280
84.979,280
0.356,280
0.253,280
0.286,280
0.343,280
0.248,280
0.322,280
0.331,280
0.236,280
0.291,280
0.284,280
0.306,280
0.217,280
0.27,280
0.312,280
0.265,280
0.302,280
0.262,280
0.243,280
0.322,280
0.247,280
0.266,280
0.399,280
0.284,280
0.248,280
0.326,280
0.24,280
78.919,280
0.364,280
0.231,280
0.294,280
0.289,280
0.248,280
0.273,280
0.318,280
0.218,280
0.295,280
0.321,280
0.331,280
0.212,280
0.224,280
0.324,280
0.23,280
0.305,280
0.26,280
0.283,280
0.335,280
0.243,280
0.283,280
0.389,280
0.289,280
0.291,280
0.358,280
0.226,280
83.346,280
0.328,280
0.212,280
0.279,280
0.281,280
0.254,280
0.254,280
0.346,280
0.205,280
0.269,280
0.312,280
0.324,280
0.229,280
0.227,280
0.321,280
0.236,280
0.305,280
0.257,280
0.271,280
0.327,280
0.241,280
0.256,280
0.388,280
0.308,280
0.282,280
0.395,280
0.244,280
93.842,280
0.378,280
0.235,280
0.302,280
0.289,280
0.276,280
0.3,280
0.324,280
0.229,280
0.27,280
0.292,280
0.372,280
0.233,280
0.227,280
0.326,280
0.243,280
0.304,280
0.259,280
0.277,280
0.317,280
0.29,280
0.226,280
0.402,280
0.284,280
0.283,280
0.365,280
0.228,280
87.913,280
0.375,280
0.234,280
0.289,280
0.28,280
0.271,280
0.346,280
0.333,280
0.231,280
0.269,280
0.309,280
0.31,280
0.198,280
0.239,280
0.329,280
0.224,280
0.299,280
0.242,280
0.295,280
0.281,280
0.231,280
0.26,280
0.374,280
0.299,280
0.282,280
0.368,280
0.237,280
81.29,280
0.304,280
0.373,280
0.244,280
0.266,280
0.311,280
0.32,280
0.342,280
0.246,280
0.275,280
0.226,280
0.345,280
0.295,280
0.257,280
0.31,280
0.241,280
0.312,280
0.331,280
0.252,280
0.33,280
0.267,280
0.303,280
0.317,280
0.296,280
0.289,280
0.271,280
75.894,280
0.259,280
0.369,280
0.301,280
0.263,280
0.329,280
0.337,280
0.394,280
0.383,280
0.306,280
0.329,280
0.331,280
0.365,280
0.235,280
0.38,280
0.269,280
0.299,280
0.265,280
0.357,280
0.266,280
0.299,280
0.433,280
0.236,280
0.354,280
0.26,280
80.614,280
0.267,280
0.385,280
0.25,280
0.241,280
0.31,280
0.258,280
0.317,280
0.377,280
0.311,280
0.313,280
0.287,280
0.375,280
0.222,280
0.356,280
0.277,280
0.291,280
0.247,280
0.27,280
0.249,280
0.279,280
0.376,280
0.22,280
0.368,280
0.247,280
75.452,280
0.289,280
0.357,280
0.243,280
0.257,280
0.328,280
0.273,280
0.357,280
0.39,280
0.284,280
0.328,280
0.304,280
0.384,280
0.374,280
0.342,280
0.276,280
0.308,280
0.294,280
0.322,280
0.279,280
0.347,280
0.391,280
0.259,280
0.437,280
0.253,280
85.244,280
0.275,280
0.356,280
0.242,280
0.261,280
0.332,280
0.271,280
0.345,280
0.427,280
0.304,280
0.303,280
0.292,280
0.395,280
0.28,280
0.357,280
0.272,280
0.279,280
0.255,280
0.273,280
0.255,280
0.295,280
0.377,280
0.23,280
0.368,280
0.263,280
74.451,280
0.272,280
0.349,280
0.246,280
0.258,280
0.331,280
0.283,280
0.363,280
0.389,280
0.302,280
0.331,280
0.302,280
0.387,280
0.261,280
0.362,280
0.297,280
0.281,280
0.268,280
0.301,280
0.255,280
0.287,280
0.379,280
0.225,280
0.343,280
0.248,280
79.533,280
0.309,280
0.376,280
0.244,280
0.303,280
0.319,280
0.323,280
0.338,280
0.204,280
0.248,280
0.23,280
0.378,280
0.309,280
0.273,280
0.275,280
0.259,280
0.327,280
0.33,280
0.244,280
0.331,280
0.254,280
0.334,280
0.318,280
0.309,280
0.276,280
0.257,280
83.849,280
0.325,280
0.36,280
0.292,280
0.328,280
0.366,280
0.259,280
0.323,280
0.375,280
0.224,280
0.399,280
0.279,280
0.345,280
0.345,280
0.228,280
0.26,280
0.384,280
0.271,280
0.299,280
0.306,280
0.278,280
0.307,280
0.304,280
0.299,280
0.393,280
83.984,280
0.247,280
0.339,280
0.219,280
0.252,280
0.349,280
0.269,280
0.34,280
0.358,280
0.239,280
0.376,280
0.269,280
0.364,280
0.357,280
0.242,280
0.265,280
0.392,280
0.271,280
0.289,280
0.3,280
0.312,280
0.31,280
0.289,280
0.307,280
0.396,280
78.589,280
0.31,280
0.333,280
0.226,280
0.265,280
0.403,280
0.488,280
0.377,280
0.317,280
0.253,280
0.391,280
0.27,280
0.34,280
0.353,280
0.231,280
0.241,280
0.363,280
0.254,280
0.311,280
0.314,280
0.261,280
0.339,280
0.298,280
0.315,280
0.384,280
97.161,280
0.26,280
0.343,280
0.239,280
0.277,280
0.358,280
0.273,280
0.349,280
0.387,280
0.229,280
0.383,280
0.279,280
0.354,280
0.339,280
0.242,280
0.253,280
0.391,280
0.267,280
0.334,280
0.311,280
0.286,280
0.298,280
0.309,280
0.302,280
0.357,280
77.55,280
0.255,280
0.33,280
0.248,280
0.308,280
0.423,280
0.272,280
0.343,280
0.355,280
0.248,280
0.384,280
0.268,280
0.347,280
0.342,280
0.244,280
0.259,280
0.379,280
0.263,280
0.298,280
0.294,280
0.269,280
0.289,280
0.302,280
0.301,280
0.422,280
88.04,280
0.234,280
0.331,280
0.235,280
0.254,280
0.359,280
0.261,280
0.345,280
0.351,280
0.231,280
0.376,280
0.275,280
0.37,280
0.385,280
0.29,280
0.272,280
0.382,280
0.275,280
0.277,280
0.302,280
0.273,280
0.311,280
0.256,280
0.338,280
0.381,280
80.963,280
0.281,280
0.341,280
0.227,280
0.274,280
0.318,280
0.272,280
0.347,280
0.362,280
0.261,280
0.388,280
0.288,280
0.343,280
0.41,280
0.233,280
0.24,280
0.367,280
0.273,280
0.295,280
0.291,280
0.256,280
0.309,280
0.286,280
0.298,280
0.389,280
79.294,280
0.248,280
0.339,280
0.225,280
0.268,280
0.355,280
0.264,280
0.35,280
0.355,280
0.234,280
0.391,280
0.407,280
0.32,280
0.315,280
0.233,280
0.251,280
0.38,280
0.368,280
0.295,280
0.338,280
0.308,280
0.302,280
0.291,280
0.303,280
0.381,280
76.061,280
0.314,280
0.394,280
0.257,280
0.252,280
0.319,280
0.315,280
0.344,280
0.232,280
0.275,280
0.237,280
0.408,280
0.324,280
0.254,280
0.316,280
0.251,280
0.316,280
0.285,280
0.241,280
0.336,280
0.304,280
0.3,280
0.319,280
0.332,280
0.278,280
0.27,280
78.406,280
0.39,280
0.273,280
0.33,280
0.336,280
0.308,280
0.304,280
0.252,280
0.299,280
0.263,280
0.366,280
0.36,280
0.346,280
0.274,280
0.227,280
0.35,280
0.299,280
0.398,280
0.236,280
0.254,280
0.329,280
0.322,280
0.277,280
0.241,280
0.284,280
85.968,280
0.387,280
0.299,280
1.582,280
0.319,280
0.391,280
0.351,280
0.273,280
0.297,280
0.276,280
0.37,280
0.349,280
0.324,280
0.266,280
0.231,280
0.374,280
0.259,280
0.359,280
0.267,280
0.251,280
0.328,280
0.33,280
0.271,280
0.266,280
0.29,280
90.882,280
0.385,280
0.266,280
0.322,280
0.339,280
0.292,280
0.347,280
0.837,280
0.316,280
0.261,280
0.398,280
0.349,280
0.34,280
0.282,280
0.227,280
0.365,280
0.251,280
0.346,280
0.236,280
0.244,280
0.325,280
0.34,280
0.295,280
0.267,280
0.288,280
79.493,280
0.372,280
0.287,280
0.324,280
0.343,280
0.322,280
0.415,280
0.269,280
0.285,280
0.286,280
0.354,280
0.34,280
0.325,280
0.276,280
0.232,280
0.414,280
0.266,280
0.355,280
0.322,280
0.261,280
0.33,280
0.324,280
0.285,280
0.275,280
0.303,280
86.585,280
0.38,280
0.262,280
0.325,280
0.324,280
0.302,280
0.343,280
0.259,280
0.301,280
0.28,280
0.37,280
0.337,280
0.319,280
0.271,280
0.277,280
0.362,280
0.285,280
0.377,280
0.273,280
0.245,280
0.343,280
0.423,280
0.267,280
0.54,280
0.291,280
97.494,280
