0.114,280
0.106,280
0.123,280
0.103,280
0.093,280
0.111,280
0.108,280
0.11,280
0.104,280
0.136,280
0.106,280
0.112,280
0.113,280
0.107,280
0.105,280
0.098,280
0.116,280
0.112,280
0.14,280
0.117,280
0.101,280
0.153,280
0.112,280
0.107,280
0.112,280
0.029,280
0.11,280
0.11,280
0.111,280
0.1,280
0.103,280
0.116,280
0.112,280
0.114,280
0.115,280
0.144,280
0.101,280
0.117,280
0.108,280
0.105,280
0.102,280
0.107,280
0.109,280
0.112,280
0.113,280
0.107,280
0.11,280
0.145,280
0.114,280
0.11,280
0.102,280
0.107,280
0.09,280
0.1,280
0.098,280
0.1,280
0.103,280
