7.15 26
35.8 71
35.9 73
53.85 1
1089.65 1
32.05 111
35.2 82
35.3 80
35.0 76
35.1 86
35.6 73
35.7 82
35.4 57
35.5 77
37.8 42
37.9 38
16.55 29
18.85 22
37.0 54
37.1 52
37.2 66
37.3 44
37.4 40
37.5 38
5.65 9
9.55 43
967.5 1
154.25 1
12.9 37
47.45 20
45.55 26
29.2 148
27.95 125
41.25 13
50.65 5
42.7 21
24.35 14
718.1 1
1013.65 1
7.65 14
43.3 17
28.45 140
1249.1 1
127.55 1
1060.7 1
27.75 140
103.65 1
45.9 12
45.8 17
52.95 1
45.3 16
45.2 13
45.1 24
45.0 13
45.7 19
45.6 19
45.5 18
18.25 22
984.55 1
92.8 1
44.55 17
1143.2 1
18.55 30
15.75 48
45.15 27
8.65 31
147.75 1
1070.65 1
763.65 1
50.05 8
19.75 9
26.75 121
40.65 14
51.25 4
97.8 1
17.35 32
8.95 26
49.6 9
49.5 13
49.4 7
49.3 10
27.05 120
41.95 15
49.0 11
50.15 8
427.7 1
892.8 1
164.95 1
179.65 1
36.35 45
33.55 84
55.4 2
55.7 1
55.0 1
55.1 2
47.35 14
7.5 32
21.75 6
10.45 51
34.75 72
23.45 8
1094.9 1
1226.9 1
195.5 1
1088.5 2
21.45 12
44.25 17
53.05 1
45.85 18
24.5 15
94.5 1
14.55 53
38.85 34
52.15 4
40.15 21
19.05 17
51.7 3
37.6 47
967.4 1
11.65 36
37.55 41
38.65 31
1008.2 1
964.1 1
6.75 33
12.45 36
118.05 1
30.95 116
11.85 51
35.55 59
22.05 7
940.0 1
20.05 12
31.85 101
530.8 1
23.35 8
43.25 14
46.65 23
1169.55 1
86.6 1
59.6 1
29.45 148
49.7 6
39.45 31
1158.0 2
48.25 11
698.55 1
964.8 1
25.45 51
1019.2 1
52.85 1
1108.1 1
161.3 1
107.35 1
67.7 1
975.65 1
13.85 48
5.6 4
24.05 9
9.15 38
7.55 29
1291.1 1
28.95 150
965.95 1
85.6 1
19.7 11
106.2 1
25.75 62
41.65 16
568.4 1
914.85 1
16.95 28
19.1 12
1078.2 1
57.35 1
28.05 166
19.2 15
696.2 1
88.15 1
31.15 117
24.15 8
30.55 132
64.15 1
53.3 1
44.2 17
13.35 40
24.75 19
42.65 17
44.3 14
44.95 21
122.75 1
119.15 1
18.15 27
15.35 41
41.9 16
28.75 148
41.7 17
41.6 21
41.5 18
41.4 24
27.35 110
665.5 1
41.1 21
41.0 22
174.8 1
989.1 1
14.05 47
40.25 30
758.2 1
5.15 5
43.5 19
43.4 11
43.7 20
43.6 12
43.1 21
43.0 15
32.75 97
43.2 15
46.15 17
31.05 126
51.15 3
16.05 28
36.75 59
33.95 81
5.95 8
937.05 1
161.75 1
1174.35 1
142.35 1
154.75 1
36.95 53
23.85 8
53.2 1
26.95 111
53.0 1
21.85 13
51.85 3
48.95 7
53.4 2
53.5 1
15.45 45
45.45 21
8.35 45
50.85 2
1035.5 1
51.0 1
51.1 1
51.2 4
51.3 3
51.4 3
51.5 3
51.6 6
10.05 36
5.0 3
5.1 4
5.2 3
5.3 5
5.4 10
5.5 15
17.45 23
5.7 8
5.8 9
25.15 38
44.65 22
41.45 17
47.9 13
47.8 13
10.95 46
179.15 1
33.25 75
47.1 20
47.0 15
47.3 19
47.2 20
47.5 21
47.4 18
26.05 79
47.6 22
1316.35 1
47.65 23
872.95 1
23.1 8
877.3 1
51.75 3
38.25 37
94.95 1
953.4 1
21.35 6
53.35 1
42.05 15
45.4 21
35.15 85
10.6 57
49.15 10
12.95 29
34.25 69
23.75 6
43.65 19
1019.25 1
11.35 51
1001.2 1
1124.75 1
5.9 10
11.6 40
38.1 40
1143.0 1
12.75 37
6.45 35
25.35 47
43.85 21
145.15 1
18.65 10
970.35 1
1017.5 1
15.25 36
6.7 39
6.6 30
6.5 21
12.0 31
6.3 30
6.2 27
6.1 31
12.4 48
8.55 28
30.15 128
12.8 45
6.9 35
6.8 43
10.1 45
10.0 33
10.3 36
10.2 34
10.5 39
10.4 29
10.7 43
13.75 32
35.65 72
22.55 6
42.25 19
371.3 1
47.95 16
218.3 1
16.7 28
16.6 44
16.5 39
16.4 28
6.35 27
16.2 35
34.95 71
25.85 83
43.15 17
46.35 23
1169.05 1
16.9 30
16.8 39
9.45 40
7.05 26
5.55 9
54.15 1
272.05 1
1135.75 1
32.35 109
86.55 1
69.4 1
178.85 1
16.45 35
26.8 102
26.9 108
26.6 78
26.7 101
26.4 92
26.5 96
26.2 84
26.3 89
26.0 71
26.1 66
31.25 106
14.4 37
14.7 38
17.9 20
24.8 33
24.9 29
14.3 36
14.2 50
24.4 13
19.45 15
24.6 22
24.7 35
24.0 7
27.85 139
24.2 14
24.3 11
22.2 8
22.3 6
22.0 11
22.1 7
24.45 16
47.7 11
22.4 7
22.5 8
7.95 37
22.8 5
28.55 151
981.85 1
338.9 1
53.95 2
27.65 127
974.2 1
63.7 1
82.3 1
17.05 23
1065.75 1
1228.2 1
18.45 15
15.05 37
45.05 22
8.75 33
16.35 32
36.25 61
20.2 9
32.45 81
20.4 12
41.35 18
20.6 8
20.7 13
19.85 13
20.9 14
26.45 87
40.75 20
51.35 6
1068.75 1
54.85 1
120.0 1
628.95 1
44.85 18
989.8 1
41.85 15
39.1 26
989.3 1
182.55 1
49.2 16
1253.15 1
101.8 1
49.1 11
50.25 6
11.05 36
22.85 10
268.55 1
47.25 18
49.55 7
94.45 1
10.75 36
34.65 64
903.9 1
44.35 17
987.25 1
16.15 39
45.75 20
989.95 1
21.2 6
386.95 1
49.65 7
558.55 1
997.3 1
19.15 14
49.9 10
51.45 3
146.65 1
49.8 9
11.75 48
37.65 37
928.45 1
31.95 97
942.7 1
41.8 21
936.2 1
12.35 24
6.05 14
22.7 6
11.95 32
35.25 64
22.15 11
47.55 16
40.05 27
14.0 44
9.35 26
115.45 1
1037.55 1
23.25 9
43.55 12
46.75 19
208.15 1
1057.95 1
29.75 155
34.8 73
434.15 1
39.55 22
53.45 3
48.35 9
47.75 12
20.85 11
932.0 1
55.35 1
245.1 1
1119.15 1
99.7 1
17.85 26
1068.0 1
29.95 152
16.85 27
975.75 1
1162.6 1
13.95 37
14.85 41
42.85 14
7.45 28
34.2 77
28.8 131
28.9 134
1365.3 1
28.0 141
25.65 76
28.2 149
28.3 142
28.4 159
28.5 142
28.6 149
28.7 148
22.65 7
42.75 17
28.15 128
118.1 1
31.65 100
18.9 14
18.8 14
110.3 1
151.25 1
18.1 26
18.0 33
18.3 27
18.2 14
18.5 13
18.4 20
13.05 41
18.6 22
32.65 82
30.9 106
30.8 124
110.95 1
50.5 5
18.05 27
30.3 144
30.2 142
30.1 123
30.0 149
30.7 114
30.6 109
30.5 133
27.25 89
38.3 39
38.2 33
38.55 38
38.0 45
38.7 33
38.6 28
14.35 36
38.4 55
9.75 33
38.9 24
38.8 32
1011.75 1
112.05 1
105.55 1
972.4 1
50.45 8
55.85 1
16.75 41
36.65 60
102.15 1
64.3 1
1190.4 1
6.4 21
183.2 1
1151.85 1
46.4 15
46.5 22
46.6 23
36.85 60
46.0 17
46.1 15
46.2 20
46.3 17
6.0 13
9.05 36
46.8 14
46.9 23
51.95 4
116.5 1
15.55 37
45.35 15
8.05 23
51.55 4
37.7 49
52.45 3
49.95 8
26.15 69
40.85 15
22.9 3
30.45 146
17.55 36
37.25 57
150.05 1
32.95 93
44.75 19
48.2 9
48.3 15
48.0 19
48.1 17
48.6 13
48.7 10
48.4 8
10.85 33
36.15 66
33.35 102
48.8 9
48.9 6
19.55 21
47.15 13
52.65 1
102.4 1
7.2 31
7.3 23
7.0 21
7.1 21
7.6 24
7.7 29
7.4 28
28.1 157
1250.6 1
21.25 8
7.8 34
7.9 29
41.55 19
52.55 2
152.95 1
44.05 14
52.35 3
49.05 6
12.85 30
34.15 76
23.65 7
44.6 15
44.7 22
44.4 17
44.5 18
11.45 32
31.75 112
44.0 23
44.1 12
44.8 19
44.9 26
1076.85 1
6.55 35
12.65 43
25.25 38
52.2 4
20.65 8
1349.65 1
20.5 6
30.05 152
29.25 159
39.65 19
37.15 45
48.45 14
12.2 36
369.4 1
13.45 42
35.75 65
22.25 3
42.35 14
47.85 19
38.15 56
20.55 13
34.85 72
43.05 21
46.45 18
31.55 109
14.75 40
5.45 9
12.5 35
34.9 78
7.35 34
34.7 71
34.6 77
34.5 80
34.4 90
34.3 90
32.25 108
34.1 70
34.0 86
25.55 53
41.05 23
8.45 41
36.9 68
36.8 51
1095.3 1
36.5 49
36.4 58
36.7 52
36.6 75
36.1 62
36.0 59
36.3 55
36.2 55
1089.6 1
46.05 28
31.35 120
1296.0 1
87.2 1
30.75 129
827.35 1
1054.95 1
31.5 94
68.75 1
24.55 21
42.45 9
947.75 2
7.85 32
1058.15 1
28.65 162
70.65 1
243.6 1
40.8 26
40.9 16
100.85 1
27.55 118
39.15 45
40.2 21
40.3 23
40.0 17
40.1 34
40.6 13
40.7 22
40.4 19
40.5 19
42.8 13
5.35 9
48.75 13
17.15 33
43.9 21
32.55 103
42.1 18
42.2 18
42.3 16
42.4 22
42.5 16
18.75 21
15.15 37
1005.35 1
16.25 49
36.55 70
33.75 89
42.9 17
19.95 6
26.55 83
40.45 24
32.9 95
10.9 36
15.85 43
18.7 15
10.8 30
32.1 97
32.0 105
32.3 100
32.2 119
32.5 86
32.4 98
32.7 98
32.6 97
20.15 7
109.2 1
56.8 1
21.65 10
1061.9 1
11.15 35
37.85 44
22.95 6
56.5 1
42.0 20
52.75 3
49.45 12
968.4 1
10.65 29
34.55 73
1240.45 1
151.1 1
8.1 29
8.0 39
8.3 37
8.2 42
8.5 34
8.4 40
8.7 26
8.6 30
8.9 31
8.8 34
297.35 1
45.65 21
76.3 1
33.05 83
1015.9 1
75.9 1
42.6 13
19.25 17
1061.1 1
26.25 89
16.3 31
105.75 1
12.05 49
1106.6 1
20.25 18
16.1 26
38.45 27
16.0 35
6.15 26
12.25 44
21.15 6
53.55 1
48.05 18
1213.75 1
35.35 72
1015.35 1
30.4 109
53.1 1
964.15 1
49.35 9
36.05 55
6.85 32
23.15 7
43.45 18
46.85 11
1195.15 1
29.65 135
983.0 1
1145.75 1
29.35 126
20.95 8
19.4 17
19.5 18
19.6 21
29.85 143
19.0 12
38.5 32
39.85 25
19.3 10
932.55 2
40.35 21
19.8 10
19.9 12
24.25 20
42.95 22
68.6 1
30.35 131
13.8 40
13.9 34
13.6 41
13.7 32
13.4 44
13.5 28
13.2 26
13.3 27
13.0 20
13.1 48
13.15 45
35.85 64
22.75 9
11.8 49
11.9 37
32.8 89
11.4 38
11.5 44
28.25 146
11.7 46
11.0 40
11.1 42
11.2 45
11.3 43
17.2 32
17.3 33
17.0 26
17.1 35
17.6 23
17.7 24
17.4 33
17.5 34
29.15 128
17.8 28
39.35 34
136.1 1
1176.1 1
1028.95 1
32.15 84
50.55 4
18.35 22
8.85 35
474.25 1
14.25 34
9.65 42
671.45 1
5.75 4
15.0 28
15.1 36
15.2 36
15.3 43
15.4 33
15.5 48
15.6 44
15.7 38
15.8 35
15.9 34
50.75 4
16.65 32
5.85 6
7.75 30
50.35 6
1157.55 1
50.95 5
49.85 4
10.25 39
52.9 1
52.8 2
52.7 2
52.6 2
52.5 1
52.3 3
119.35 1
52.1 3
52.0 1
1044.45 1
44.45 14
50.9 4
50.8 5
15.65 36
45.25 19
8.15 34
50.4 6
50.7 7
50.6 6
50.1 6
50.0 5
50.3 7
50.2 8
19.65 15
26.65 91
40.95 19
912.3 1
763.2 1
996.95 1
17.25 28
37.35 51
32.85 111
14.95 47
27.15 118
1024.6 1
1085.05 1
1135.35 1
14.45 44
33.45 64
1258.5 1
14.5 29
1004.9 1
47.05 22
316.35 1
1004.0 1
10.55 49
34.05 103
23.55 10
14.6 34
53.75 1
14.1 39
21.55 5
174.5 1
30.85 110
79.45 1
45.95 13
1160.7 1
1001.25 1
38.95 32
88.5 1
49.75 6
39.25 22
76.0 1
11.55 36
37.45 38
1073.75 1
38.75 26
52.25 3
1037.15 1
12.55 30
6.65 33
14.9 45
62.35 1
1171.95 1
10.35 42
973.1 1
24.1 13
46.7 16
41.75 9
41.15 17
1046.9 1
20.75 7
982.3 1
1044.1 1
29.55 160
883.6 1
39.75 24
53.65 1
48.55 15
1217.45 1
13.55 45
35.45 76
22.35 2
143.9 1
929.95 1
38.05 46
139.15 1
78.85 1
22.6 5
54.05 1
43.35 18
46.55 25
17.65 27
14.65 35
9.25 36
37.75 50
7.25 34
54.35 2
28.85 178
17.95 19
27.3 119
27.2 109
27.1 120
27.0 117
27.7 114
27.6 140
27.5 108
27.4 118
27.9 137
27.8 126
25.1 35
25.0 40
25.3 49
25.2 44
25.5 56
25.4 58
25.7 58
25.6 58
25.9 60
25.8 64
30.65 128
550.95 1
996.2 1
23.7 8
23.6 8
23.5 10
23.4 11
23.3 7
23.2 11
12.3 41
23.0 8
13.25 31
24.65 33
42.55 17
137.25 1
23.9 6
23.8 6
33.4 99
33.5 79
33.6 83
33.7 94
33.0 90
33.1 84
33.2 105
33.3 84
27.45 132
33.8 102
33.9 94
80.8 1
14.15 37
40.55 29
5.25 4
9.95 28
39.8 26
39.9 23
39.6 24
39.7 16
39.4 26
39.5 27
39.2 30
39.3 29
39.0 31
14.8 37
21.5 7
21.4 10
21.7 8
21.6 5
21.1 11
21.0 7
21.3 9
36.45 63
33.85 80
21.9 9
21.8 3
61.3 1
12.1 28
9.8 35
9.9 30
15.95 33
9.4 39
9.5 43
9.6 30
9.7 30
9.0 40
9.1 29
9.2 26
9.3 33
101.2 1
26.85 95
21.95 9
48.85 16
1082.6 1
53.7 2
11.25 37
37.95 66
103.5 1
8.25 41
1318.65 1
331.5 1
1206.05 1
10.15 30
34.45 80
23.95 10
17.75 29
37.05 51
977.6 1
1104.45 1
44.15 18
38.35 27
18.95 17
12.7 30
31.6 115
31.7 109
31.4 108
33.15 102
31.2 129
31.3 116
31.0 129
31.1 118
19.35 22
26.35 77
951.3 1
31.8 113
31.9 112
126.4 1
970.3 1
20.35 18
1145.3 1
995.95 1
12.6 45
147.3 1
21.05 8
53.25 2
48.15 14
35.05 81
148.1 1
24.85 32
1211.5 1
49.25 8
142.7 1
6.95 28
34.35 76
23.05 6
43.75 11
46.95 32
599.25 1
466.45 1
6.25 19
67.15 1
202.45 1
41.3 16
931.5 1
43.95 13
20.0 13
71.9 1
20.1 15
863.05 1
39.95 16
956.15 1
48.5 18
556.75 1
33.65 97
41.2 15
20.45 16
56.45 2
31.45 107
20.3 13
29.9 123
29.8 131
30.25 146
29.5 120
29.4 148
29.7 126
29.6 159
29.1 153
29.0 165
29.3 151
25.05 34
48.65 13
51.65 2
961.2 1
13.65 36
35.95 69
22.45 5
42.15 18
57.7 1
28.35 147
20.8 14
12.15 44
24.95 25
25.95 76
984.95 1
46.25 18
9.85 43
29.05 131
69.95 1
39.05 22
43.8 13
