0.15,280
0.289,280
0.146,280
0.143,280
0.161,280
0.156,280
0.153,280
0.172,280
0.144,280
0.149,280
0.178,280
0.198,280
0.159,280
0.135,280
0.145,280
5.513,280
0.141,280
0.148,280
7.772,280
7.179,280
0.151,280
0.144,280
5.703,280
5.55,280
5.661,280
0.247,280
0.146,280
6.94,280
0.154,280
8.535,280
13.618,280
7.218,280
5.956,280
0.135,280
0.152,280
0.153,280
11.275,280
5.717,280
5.573,280
5.991,280
6.711,280
5.523,280
5.807,280
0.145,280
5.48,280
5.579,280
5.607,280
9.065,280
6.174,280
5.982,280
7.975,280
5.555,280
5.645,280
5.66,280
5.823,280
5.89,280
5.784,280
5.973,280
0.15,280
5.535,280
9.557,280
8.635,280
7.941,280
6.152,280
7.793,280
6.284,280
6.436,280
8.655,280
0.172,280
0.157,280
9.952,280
6.018,280
6.268,280
5.809,280
9.374,280
5.745,280
6.778,280
0.158,280
6.16,280
6.85,280
0.147,280
5.807,280
6.036,280
5.83,280
0.165,280
5.812,280
6.29,280
5.783,280
7.305,280
6.236,280
6.373,280
10.663,280
6.231,280
6.222,280
5.749,280
5.844,280
6.198,280
0.162,280
6.262,280
6.378,280
7.478,280
5.872,280
5.938,280
8.264,280
6.688,280
0.163,280
6.557,280
6.263,280
11.731,280
0.137,280
6.298,280
6.176,280
6.088,280
6.578,280
8.13,280
5.936,280
0.163,280
6.405,280
5.768,280
9.404,280
6.143,280
14.022,280
0.164,280
5.904,280
6.567,280
7.002,280
6.306,280
11.125,280
5.943,280
7.284,280
16.727,280
9.085,280
6.169,280
5.997,280
6.932,280
7.716,280
8.875,280
5.942,280
6.201,280
6.202,280
6.189,280
5.935,280
0.137,280
5.791,280
7.933,280
6.188,280
5.906,280
7.878,280
7.33,280
5.936,280
6.596,280
0.148,280
5.967,280
11.979,280
7.942,280
5.707,280
5.656,280
7.577,280
5.985,280
6.007,280
6.846,280
6.03,280
5.913,280
7.406,280
8.8,280
7.967,280
6.018,280
5.925,280
6.13,280
5.879,280
5.851,280
5.968,280
6.045,280
7.143,280
6.379,280
12.329,280
6.012,280
5.997,280
5.737,280
16.188,280
5.985,280
5.706,280
5.969,280
5.818,280
12.094,280
6.359,280
7.139,280
7.026,280
5.877,280
7.593,280
6.456,280
8.375,280
6.233,280
0.163,280
6.229,280
0.14,280
14.141,280
9.506,280
0.138,280
8.285,280
11.284,280
0.327,280
8.195,280
11.035,280
0.122,280
0.083,280
0.085,280
0.083,280
0.103,280
0.105,280
0.081,280
0.156,280
0.11,280
0.32,280
0.243,280
0.295,280
0.199,280
0.432,280
0.199,280
0.243,280
0.255,280
0.187,280
0.22,280
0.162,280
0.163,280
0.176,280
0.193,280
0.185,280
0.185,280
0.199,280
0.197,280
0.185,280
0.426,280
0.189,280
0.232,280
0.187,280
0.194,280
0.19,280
0.175,280
0.341,280
0.178,280
0.191,280
0.234,280
0.182,280
0.258,280
0.193,280
0.204,280
0.184,280
0.187,280
0.152,280
10.018,280
0.089,280
0.079,280
0.091,280
0.084,280
0.086,280
0.085,280
0.088,280
0.342,280
0.066,280
