0.041,280
0.044,280
0.041,280
0.042,280
0.04,280
0.045,280
0.043,280
0.044,280
0.043,280
0.044,280
0.061,280
0.043,280
0.039,280
0.042,280
0.043,280
0.045,280
0.041,280
0.085,280
0.039,280
0.04,280
0.04,280
0.043,280
0.042,280
0.05,280
0.05,280
0.048,280
0.05,280
0.045,280
0.038,280
0.043,280
0.038,280
0.043,280
0.095,280
0.592,280
0.039,280
0.043,280
0.038,280
0.046,280
0.038,280
0.044,280
0.039,280
0.063,280
0.039,280
0.042,280
0.041,280
0.045,280
0.042,280
0.044,280
0.038,280
0.044,280
0.04,280
0.043,280
0.039,280
0.043,280
0.039,280
0.045,280
0.057,280
0.043,280
0.037,280
0.043,280
0.04,280
0.042,280
0.039,280
0.042,280
0.04,280
0.043,280
0.04,280
0.044,280
0.039,280
0.043,280
0.041,280
0.093,280
0.042,280
0.044,280
0.039,280
0.045,280
0.04,280
0.044,280
0.048,280
0.048,280
0.04,280
0.043,280
0.045,280
0.052,280
0.041,280
0.044,280
0.043,280
0.046,280
0.044,280
0.049,280
0.042,280
0.045,280
0.043,280
0.043,280
0.042,280
0.044,280
0.043,280
0.051,280
0.069,280
0.044,280
0.04,280
0.047,280
0.044,280
0.045,280
0.041,280
0.041,280
0.039,280
0.042,280
0.046,280
0.048,280
0.039,280
0.05,280
0.038,280
0.045,280
0.038,280
0.04,280
0.036,280
0.04,280
0.04,280
0.043,280
0.039,280
0.043,280
0.04,280
0.044,280
0.041,280
0.043,280
0.053,280
0.044,280
0.037,280
0.041,280
0.039,280
0.046,280
0.04,280
0.043,280
0.044,280
0.043,280
0.038,280
0.044,280
0.042,280
0.044,280
0.039,280
0.046,280
0.043,280
0.044,280
0.039,280
0.04,280
0.038,280
0.044,280
0.041,280
0.048,280
0.041,280
0.046,280
0.04,280
0.043,280
0.039,280
0.044,280
0.041,280
0.043,280
0.04,280
0.045,280
0.039,280
0.041,280
0.041,280
0.047,280
0.04,280
0.045,280
0.039,280
0.043,280
0.104,280
0.046,280
0.038,280
0.044,280
0.039,280
0.048,280
0.041,280
0.046,280
0.044,280
0.045,280
0.04,280
0.045,280
0.052,280
0.047,280
0.042,280
0.047,280
0.043,280
0.044,280
0.041,280
0.048,280
0.041,280
0.045,280
0.046,280
0.055,280
0.052,280
0.057,280
0.057,280
0.048,280
0.045,280
0.046,280
0.057,280
0.046,280
0.046,280
0.046,280
0.042,280
0.044,280
0.04,280
0.049,280
0.042,280
0.046,280
0.04,280
0.045,280
0.041,280
0.043,280
0.043,280
0.044,280
0.045,280
0.044,280
0.048,280
0.053,280
0.045,280
0.042,280
0.047,280
0.047,280
0.042,280
0.045,280
0.041,280
0.089,280
0.04,280
0.044,280
0.04,280
0.043,280
0.05,280
0.045,280
0.041,280
0.056,280
0.04,280
0.042,280
0.042,280
0.043,280
0.046,280
0.046,280
0.044,280
0.047,280
0.041,280
0.042,280
0.042,280
0.047,280
0.068,280
0.297,280
0.052,280
0.061,280
0.048,280
0.07,280
0.041,280
0.044,280
0.057,280
0.045,280
0.044,280
0.047,280
0.04,280
0.047,280
0.049,280
0.059,280
0.047,280
0.05,280
0.046,280
0.05,280
0.042,280
0.045,280
0.039,280
0.044,280
0.039,280
0.049,280
0.045,280
0.042,280
0.047,280
0.045,280
0.048,280
0.057,280
0.041,280
0.049,280
0.047,280
0.055,280
0.058,280
0.055,280
0.043,280
0.045,280
0.062,280
0.046,280
0.042,280
0.045,280
0.044,280
0.044,280
0.042,280
0.045,280
0.041,280
0.051,280
0.043,280
0.056,280
0.038,280
0.043,280
0.052,280
0.058,280
0.044,280
0.044,280
0.039,280
0.049,280
0.044,280
0.045,280
0.042,280
0.043,280
0.052,280
0.046,280
0.043,280
0.057,280
0.041,280
0.045,280
0.05,280
0.047,280
0.042,280
0.046,280
0.051,280
0.056,280
0.072,280
0.058,280
0.044,280
0.05,280
0.041,280
0.044,280
0.042,280
0.045,280
0.042,280
0.045,280
0.044,280
0.045,280
0.04,280
0.042,280
0.057,280
0.049,280
0.043,280
0.045,280
0.039,280
0.044,280
0.044,280
0.043,280
0.04,280
0.042,280
0.044,280
0.048,280
0.051,280
0.072,280
0.042,280
0.068,280
0.054,280
0.059,280
0.041,280
0.044,280
0.05,280
0.053,280
0.041,280
0.043,280
0.043,280
0.045,280
0.04,280
0.042,280
0.042,280
0.043,280
0.055,280
0.051,280
0.04,280
0.045,280
0.038,280
0.043,280
0.044,280
0.044,280
0.044,280
0.052,280
0.041,280
0.044,280
0.042,280
0.043,280
0.048,280
0.051,280
0.041,280
0.046,280
0.037,280
0.042,280
0.039,280
0.042,280
0.041,280
0.051,280
0.038,280
0.04,280
0.054,280
0.06,280
0.043,280
0.046,280
0.04,280
0.043,280
0.038,280
0.048,280
0.038,280
0.053,280
0.042,280
0.044,280
0.038,280
0.044,280
0.053,280
0.045,280
0.043,280
0.045,280
0.042,280
0.045,280
0.038,280
0.043,280
0.05,280
0.046,280
0.037,280
0.043,280
0.058,280
0.048,280
0.039,280
0.043,280
0.04,280
0.042,280
0.037,280
0.043,280
0.04,280
0.042,280
0.041,280
0.046,280
0.038,280
0.087,280
0.052,280
0.052,280
0.042,280
0.043,280
0.039,280
0.047,280
0.053,280
0.046,280
0.052,280
0.048,280
0.043,280
0.052,280
0.042,280
0.041,280
0.04,280
0.044,280
0.048,280
0.046,280
0.039,280
0.045,280
0.041,280
0.044,280
0.04,280
0.065,280
0.038,280
0.044,280
0.047,280
0.043,280
0.04,280
0.044,280
0.039,280
0.043,280
0.038,280
0.042,280
0.041,280
0.089,280
0.04,280
0.045,280
0.042,280
0.046,280
0.042,280
0.046,280
0.039,280
0.044,280
0.042,280
0.052,280
0.039,280
0.043,280
0.054,280
0.056,280
0.044,280
0.045,280
0.054,280
0.041,280
0.039,280
0.068,280
0.041,280
0.046,280
0.04,280
0.045,280
0.041,280
0.041,280
0.04,280
0.05,280
0.06,280
0.045,280
0.041,280
0.046,280
0.038,280
0.043,280
0.041,280
0.044,280
0.035,280
0.041,280
0.042,280
0.064,280
0.04,280
0.043,280
0.039,280
0.045,280
0.044,280
0.046,280
0.048,280
0.048,280
0.044,280
0.042,280
0.039,280
0.046,280
0.502,280
0.049,280
0.038,280
0.044,280
0.047,280
0.046,280
0.04,280
0.043,280
0.05,280
0.046,280
0.042,280
0.044,280
0.039,280
0.043,280
0.042,280
0.046,280
0.04,280
0.042,280
0.045,280
0.052,280
0.053,280
0.045,280
0.051,280
0.046,280
0.043,280
0.047,280
0.039,280
0.042,280
0.038,280
0.044,280
0.04,280
0.04,280
0.039,280
0.042,280
0.039,280
0.045,280
0.069,280
0.053,280
0.04,280
0.049,280
0.04,280
0.042,280
0.05,280
0.051,280
0.044,280
0.044,280
0.05,280
0.048,280
0.039,280
0.045,280
0.038,280
0.043,280
0.051,280
0.045,280
