0.076,280
2.961,280
2.836,280
12.937,280
2.895,280
2.713,280
17.888,280
2.929,280
2.663,280
13.31,280
2.873,280
5.106,280
15.019,280
2.81,280
2.699,280
10.766,280
2.927,280
2.66,280
15.037,280
3.03,280
2.711,280
13.708,280
2.891,280
2.64,280
11.494,280
2.88,280
2.712,280
13.935,280
2.904,280
2.716,280
12.165,280
2.838,280
2.714,280
12.166,280
2.648,280
2.826,280
11.892,280
1.504,280
1.531,280
3.373,280
18.327,280
1.674,280
1.524,280
2.417,280
15.534,280
1.532,280
1.503,280
2.55,280
14.549,280
1.569,280
1.589,280
2.601,280
15.514,280
1.529,280
1.528,280
2.61,280
14.026,280
1.497,280
1.527,280
2.45,280
14.487,280
1.492,280
1.61,280
2.596,280
15.902,280
1.492,280
1.554,280
2.571,280
14.594,280
1.508,280
1.536,280
2.643,280
17.194,280
1.555,280
1.599,280
2.523,280
14.033,280
1.524,280
1.501,280
2.667,280
14.673,280
2.817,280
3.122,280
12.613,280
2.885,280
2.643,280
12.181,280
2.935,280
2.679,280
12.404,280
2.956,280
2.785,280
11.922,280
2.804,280
2.662,280
11.645,280
2.747,280
2.936,280
12.014,280
2.971,280
2.372,280
10.804,280
2.746,280
2.805,280
11.209,280
3.634,280
2.649,280
17.673,280
2.948,280
2.639,280
13.696,280
2.883,280
2.896,280
11.544,280
2.771,280
2.813,280
11.306,280
2.795,280
3.332,280
13.844,280
2.758,280
2.89,280
13.437,280
2.744,280
2.862,280
14.223,280
2.609,280
2.699,280
12.072,280
2.705,280
2.891,280
12.421,280
2.814,280
2.837,280
12.143,280
3.007,280
3.042,280
18.347,280
2.763,280
3.233,280
13.967,280
0.067,280
2.671,280
2.834,280
12.151,280
2.698,280
2.89,280
11.884,280
3.166,280
4.6,280
14.453,280
2.498,280
1.425,280
1.734,280
19.089,280
2.669,280
1.669,280
1.715,280
16.45,280
2.466,280
1.678,280
1.676,280
20.441,280
2.501,280
1.625,280
1.621,280
15.816,280
2.522,280
1.648,280
1.644,280
19.015,280
2.396,280
1.564,280
1.803,280
15.827,280
2.372,280
2.055,280
1.695,280
19.074,280
2.462,280
1.515,280
1.693,280
20.27,280
3.17,280
3.363,280
13.732,280
0.08,280
