127.056,280
143.996,280
138.306,280
160.684,280
148.799,280
145.712,280
141.488,280
136.078,280
146.983,280
145.549,280
148.501,280
145.908,280
142.116,280
146.223,280
138.915,280
150.963,280
147.154,280
149.727,280
145.185,280
142.116,280
145.119,280
144.682,280
140.074,280
148.902,280
145.683,280
147.204,280
148.09,280
144.897,280
140.055,280
145.395,280
147.374,280
154.272,280
134.908,280
144.378,280
141.86,280
137.505,280
151.68,280
143.564,280
142.342,280
145.258,280
148.964,280
148.099,280
143.241,280
147.468,280
149.29,280
138.598,280
142.3,280
143.781,280
145.726,280
147.425,280
148.154,280
144.935,280
149.672,280
151.759,280
144.607,280
140.637,280
146.637,280
151.093,280
152.982,280
145.065,280
149.581,280
143.544,280
142.151,280
136.696,280
142.974,280
137.971,280
154.444,280
145.631,280
145.4,280
145.234,280
144.87,280
154.012,280
143.223,280
146.124,280
137.95,280
144.25,280
147.027,280
152.302,280
150.416,280
145.808,280
169.539,280
163.413,280
159.379,280
152.938,280
147.67,280
155.003,280
148.556,280
155.025,280
151.443,280
156.606,280
201.098,280
162.619,280
154.831,280
150.319,280
151.509,280
153.594,280
170.78,280
143.917,280
153.813,280
159.321,280
155.028,280
168.061,280
161.543,280
154.298,280
146.049,280
160.229,280
151.816,280
152.64,280
159.352,280
161.252,280
153.367,280
162.825,280
159.784,280
158.364,280
156.283,280
151.87,280
158.602,280
149.559,280
151.446,280
153.457,280
152.895,280
166.711,280
153.052,280
154.28,280
163.639,280
158.088,280
155.864,280
160.188,280
160.588,280
158.614,280
156.613,280
153.598,280
155.924,280
154.002,280
223.655,280
142.201,280
155.676,280
156.005,280
156.534,280
157.492,280
159.55,280
149.449,280
154.456,280
154.01,280
157.429,280
151.934,280
150.937,280
154.551,280
174.507,280
152.394,280
157.927,280
152.717,280
151.382,280
150.573,280
161.724,280
157.62,280
242.864,280
164.312,280
154.742,280
149.465,280
142.837,280
153.053,280
153.486,280
161.119,280
150.622,280
153.826,280
158.069,280
150.0,280
154.882,280
152.884,280
157.027,280
157.689,280
155.387,280
148.668,280
153.563,280
163.593,280
159.251,280
155.496,280
159.181,280
163.15,280
157.289,280
160.098,280
150.616,280
158.759,280
148.965,280
143.182,280
153.117,280
138.426,280
139.01,280
152.963,280
183.043,280
139.927,280
147.2,280
153.407,280
186.734,280
150.307,280
138.854,280
134.763,280
136.404,280
146.946,280
142.731,280
146.956,280
141.503,280
142.461,280
149.429,280
148.313,280
140.642,280
155.17,280
150.134,280
147.003,280
140.692,280
145.35,280
136.392,280
152.082,280
144.879,280
141.043,280
147.095,280
140.26,280
146.223,280
147.137,280
150.918,280
139.942,280
147.222,280
144.511,280
151.933,280
150.177,280
144.767,280
141.516,280
143.518,280
146.997,280
144.555,280
145.47,280
138.338,280
146.194,280
142.616,280
147.55,280
143.517,280
131.006,280
140.706,280
143.616,280
151.135,280
140.587,280
135.696,280
143.847,280
144.941,280
138.337,280
144.365,280
146.618,280
139.17,280
147.887,280
139.796,280
144.294,280
147.022,280
142.36,280
142.637,280
147.672,280
138.138,280
138.442,280
132.943,280
143.376,280
138.934,280
148.781,280
145.177,280
148.159,280
144.21,280
144.152,280
147.084,280
141.442,280
149.224,280
148.726,280
147.035,280
139.494,280
146.463,280
139.458,280
148.392,280
137.208,280
141.151,280
138.114,280
144.472,280
134.744,280
153.409,280
136.84,280
140.431,280
140.328,280
143.261,280
142.678,280
143.594,280
