0.035,280
0.043,280
0.048,280
0.055,280
0.041,280
0.042,280
0.041,280
0.046,280
0.036,280
0.042,280
0.039,280
0.045,280
0.047,280
0.046,280
0.037,280
0.039,280
0.039,280
0.043,280
0.038,280
0.048,280
0.038,280
0.043,280
0.036,280
0.047,280
0.038,280
0.046,280
0.05,280
0.045,280
0.043,280
0.039,280
0.049,280
0.051,280
0.04,280
0.041,280
0.042,280
0.043,280
0.039,280
0.043,280
0.036,280
0.043,280
0.049,280
0.047,280
0.041,280
0.039,280
0.04,280
0.042,280
0.039,280
0.051,280
0.04,280
0.043,280
0.037,280
0.043,280
0.05,280
0.041,280
0.04,280
0.042,280
0.044,280
0.049,280
0.038,280
0.042,280
0.04,280
0.042,280
0.044,280
0.039,280
0.041,280
0.054,280
0.042,280
0.043,280
0.041,280
0.041,280
0.036,280
0.042,280
0.043,280
0.04,280
0.038,280
0.046,280
0.037,280
0.045,280
0.039,280
0.044,280
0.036,280
0.041,280
0.037,280
0.044,280
0.038,280
0.043,280
0.041,280
0.043,280
0.04,280
0.043,280
0.042,280
0.041,280
0.04,280
0.043,280
0.04,280
0.044,280
0.042,280
0.044,280
0.038,280
0.041,280
0.036,280
0.041,280
0.041,280
0.042,280
0.038,280
0.042,280
0.039,280
0.041,280
0.038,280
0.046,280
0.039,280
0.04,280
0.038,280
0.043,280
0.043,280
0.058,280
0.051,280
0.044,280
0.041,280
0.044,280
0.042,280
0.042,280
0.042,280
0.046,280
0.039,280
0.049,280
0.042,280
0.044,280
0.041,280
0.044,280
0.039,280
0.041,280
0.036,280
0.042,280
0.039,280
0.04,280
0.04,280
0.042,280
0.04,280
0.076,280
0.042,280
0.043,280
0.042,280
0.044,280
0.039,280
0.043,280
0.038,280
0.043,280
0.038,280
0.041,280
0.041,280
0.04,280
0.037,280
0.042,280
0.036,280
0.045,280
0.046,280
0.045,280
0.039,280
0.043,280
0.039,280
0.044,280
0.034,280
0.042,280
0.037,280
0.046,280
0.034,280
0.05,280
0.04,280
0.046,280
0.05,280
0.054,280
0.039,280
0.045,280
0.04,280
0.041,280
0.039,280
0.044,280
0.042,280
0.043,280
0.038,280
0.042,280
0.042,280
0.046,280
0.043,280
0.042,280
0.042,280
0.042,280
0.038,280
0.042,280
0.039,280
0.04,280
0.04,280
0.041,280
0.039,280
0.083,280
0.048,280
0.052,280
0.039,280
0.042,280
0.038,280
0.046,280
0.036,280
0.042,280
0.037,280
0.043,280
0.041,280
0.043,280
0.039,280
0.046,280
0.048,280
0.046,280
0.053,280
0.056,280
0.039,280
0.04,280
0.052,280
0.047,280
0.053,280
0.041,280
0.042,280
0.044,280
0.041,280
0.042,280
0.041,280
0.043,280
0.038,280
0.041,280
0.041,280
0.042,280
0.043,280
0.041,280
0.042,280
0.043,280
0.038,280
0.049,280
0.051,280
0.051,280
0.05,280
0.045,280
0.039,280
0.042,280
0.04,280
0.045,280
0.038,280
0.044,280
0.039,280
0.044,280
0.039,280
0.045,280
0.038,280
0.048,280
0.04,280
0.043,280
0.038,280
0.045,280
0.038,280
0.044,280
0.038,280
0.044,280
0.04,280
0.056,280
0.039,280
0.042,280
0.035,280
0.044,280
0.05,280
0.056,280
0.039,280
0.045,280
0.037,280
0.041,280
0.042,280
0.044,280
0.041,280
0.051,280
0.042,280
0.043,280
0.056,280
0.047,280
0.051,280
0.043,280
0.041,280
0.046,280
0.041,280
0.06,280
0.045,280
0.047,280
0.04,280
0.042,280
0.04,280
0.044,280
0.042,280
0.044,280
0.042,280
0.043,280
0.056,280
0.05,280
0.039,280
0.042,280
0.038,280
0.044,280
0.041,280
0.053,280
0.039,280
0.043,280
0.039,280
0.044,280
0.088,280
0.045,280
0.04,280
0.042,280
0.045,280
0.045,280
0.038,280
0.044,280
0.04,280
0.041,280
0.041,280
0.041,280
0.047,280
0.044,280
0.039,280
0.043,280
0.038,280
0.045,280
0.037,280
0.041,280
0.041,280
0.04,280
0.037,280
0.049,280
0.044,280
0.046,280
0.033,280
0.045,280
0.035,280
0.043,280
0.042,280
0.043,280
0.062,280
0.047,280
0.037,280
0.04,280
0.037,280
0.045,280
0.037,280
0.043,280
0.038,280
0.045,280
0.051,280
0.133,280
0.044,280
0.055,280
0.042,280
0.044,280
0.041,280
0.042,280
0.039,280
0.045,280
0.042,280
0.044,280
0.039,280
0.043,280
0.037,280
0.046,280
0.039,280
0.045,280
0.04,280
0.045,280
0.042,280
0.042,280
0.046,280
0.042,280
0.04,280
0.044,280
0.037,280
0.048,280
0.055,280
0.056,280
0.042,280
0.05,280
0.039,280
0.044,280
0.05,280
0.049,280
0.039,280
0.046,280
0.04,280
0.041,280
0.042,280
0.042,280
0.055,280
0.055,280
0.041,280
0.09,280
0.053,280
0.044,280
0.039,280
0.04,280
0.055,280
0.052,280
0.038,280
0.043,280
0.039,280
0.045,280
0.042,280
0.059,280
0.041,280
0.044,280
0.039,280
0.044,280
0.04,280
0.041,280
0.04,280
0.043,280
0.042,280
0.061,280
0.04,280
0.042,280
0.039,280
0.042,280
0.037,280
0.048,280
0.056,280
0.046,280
0.058,280
0.044,280
0.061,280
0.042,280
0.045,280
0.044,280
0.053,280
0.051,280
0.045,280
0.043,280
0.041,280
0.044,280
0.047,280
0.044,280
0.04,280
0.043,280
0.042,280
0.042,280
0.039,280
0.045,280
0.051,280
0.044,280
0.056,280
0.104,280
0.043,280
0.045,280
0.044,280
0.042,280
0.045,280
0.044,280
0.046,280
0.047,280
0.046,280
0.043,280
0.04,280
0.043,280
0.046,280
0.044,280
0.041,280
0.044,280
0.042,280
0.045,280
0.039,280
0.043,280
0.04,280
0.046,280
0.043,280
0.043,280
0.042,280
0.046,280
0.051,280
0.044,280
0.051,280
0.05,280
0.044,280
0.042,280
0.05,280
0.048,280
0.042,280
0.049,280
0.038,280
0.045,280
0.043,280
0.046,280
0.064,280
0.049,280
0.038,280
0.05,280
0.05,280
0.045,280
0.042,280
0.043,280
0.042,280
0.045,280
0.057,280
0.046,280
0.043,280
0.045,280
0.039,280
0.046,280
0.038,280
0.062,280
0.038,280
0.042,280
0.051,280
0.055,280
0.044,280
0.041,280
0.045,280
0.044,280
0.047,280
0.045,280
0.042,280
0.045,280
0.061,280
0.06,280
0.055,280
0.052,280
0.039,280
0.046,280
0.041,280
0.049,280
0.12,280
0.048,280
0.037,280
0.043,280
0.04,280
0.05,280
0.039,280
0.044,280
0.042,280
0.047,280
0.049,280
0.048,280
0.039,280
0.045,280
0.043,280
0.048,280
0.042,280
0.045,280
0.044,280
0.046,280
0.045,280
0.055,280
0.041,280
0.046,280
0.039,280
0.046,280
0.041,280
0.055,280
0.049,280
0.051,280
0.04,280
0.044,280
0.053,280
0.052,280
0.076,280
0.045,280
0.039,280
0.044,280
0.045,280
0.044,280
0.039,280
0.049,280
0.054,280
0.059,280
0.06,280
0.048,280
0.043,280
0.044,280
0.042,280
0.045,280
0.051,280
0.052,280
0.044,280
0.046,280
0.041,280
0.046,280
0.043,280
0.048,280
0.045,280
0.047,280
0.039,280
0.048,280
0.049,280
0.055,280
0.041,280
0.044,280
0.042,280
0.046,280
0.04,280
0.045,280
0.041,280
0.044,280
0.041,280
0.047,280
0.042,280
0.044,280
0.041,280
0.044,280
0.043,280
0.046,280
0.049,280
0.048,280
0.05,280
0.046,280
0.04,280
0.045,280
0.04,280
0.04,280
0.045,280
0.05,280
0.039,280
0.049,280
0.042,280
0.045,280
0.043,280
0.079,280
0.042,280
0.052,280
0.057,280
0.045,280
0.044,280
0.045,280
0.042,280
0.046,280
0.042,280
0.044,280
0.041,280
0.045,280
0.041,280
0.047,280
0.042,280
0.043,280
0.04,280
0.043,280
0.041,280
0.046,280
0.043,280
0.047,280
0.054,280
0.051,280
0.043,280
0.045,280
0.048,280
0.044,280
0.041,280
0.043,280
0.044,280
0.043,280
0.04,280
0.046,280
0.043,280
0.045,280
0.044,280
0.05,280
0.04,280
0.061,280
0.043,280
0.044,280
0.042,280
0.047,280
0.042,280
0.046,280
0.045,280
0.05,280
0.039,280
0.043,280
0.038,280
0.058,280
0.04,280
0.047,280
0.038,280
0.051,280
0.046,280
0.051,280
0.04,280
0.044,280
0.045,280
0.059,280
0.043,280
0.045,280
0.041,280
0.045,280
0.04,280
0.043,280
0.045,280
0.048,280
0.039,280
0.044,280
0.051,280
0.044,280
0.041,280
0.046,280
0.057,280
0.052,280
0.038,280
0.044,280
0.04,280
0.042,280
0.042,280
0.044,280
0.052,280
0.049,280
0.053,280
0.051,280
0.039,280
0.043,280
0.055,280
0.046,280
0.044,280
0.044,280
0.043,280
0.045,280
0.049,280
0.05,280
0.04,280
0.044,280
0.047,280
0.046,280
0.041,280
0.045,280
0.042,280
0.046,280
0.04,280
0.046,280
0.039,280
0.042,280
0.047,280
0.044,280
0.042,280
0.046,280
0.041,280
0.049,280
0.047,280
0.053,280
0.048,280
0.043,280
0.04,280
0.044,280
0.041,280
0.043,280
0.044,280
0.044,280
0.043,280
0.044,280
0.041,280
0.045,280
0.705,280
0.052,280
0.043,280
0.045,280
0.043,280
0.044,280
0.045,280
0.044,280
0.042,280
0.057,280
0.048,280
0.052,280
0.044,280
0.045,280
0.052,280
0.046,280
0.048,280
0.043,280
0.044,280
0.043,280
0.043,280
0.046,280
0.042,280
0.044,280
0.07,280
0.044,280
0.043,280
0.044,280
0.043,280
0.046,280
0.042,280
0.042,280
0.046,280
0.047,280
0.051,280
0.044,280
0.042,280
0.044,280
0.049,280
0.042,280
0.041,280
0.049,280
0.046,280
0.046,280
0.044,280
0.042,280
0.043,280
0.047,280
0.038,280
0.041,280
0.038,280
0.042,280
0.045,280
0.049,280
0.04,280
0.043,280
0.041,280
0.044,280
0.046,280
0.044,280
0.049,280
0.044,280
0.043,280
0.043,280
0.041,280
0.045,280
0.052,280
0.045,280
0.04,280
0.046,280
0.044,280
0.043,280
0.041,280
0.044,280
0.043,280
0.047,280
0.039,280
0.045,280
0.043,280
0.045,280
0.044,280
0.044,280
0.038,280
0.042,280
0.043,280
0.043,280
0.047,280
0.045,280
0.079,280
0.046,280
0.045,280
0.043,280
0.048,280
0.047,280
0.039,280
0.048,280
0.041,280
0.05,280
0.057,280
0.048,280
0.044,280
0.047,280
0.042,280
0.045,280
0.067,280
0.048,280
0.045,280
0.046,280
0.043,280
0.045,280
0.044,280
0.045,280
0.065,280
0.067,280
0.044,280
0.052,280
0.051,280
0.048,280
0.04,280
0.045,280
0.045,280
0.052,280
0.06,280
0.043,280
0.041,280
0.045,280
0.045,280
0.05,280
0.041,280
0.044,280
0.042,280
0.051,280
0.045,280
0.042,280
0.043,280
0.047,280
0.044,280
0.045,280
0.054,280
0.052,280
0.042,280
0.046,280
0.042,280
0.047,280
0.041,280
0.046,280
0.043,280
0.045,280
0.044,280
0.044,280
0.049,280
0.051,280
0.043,280
0.044,280
0.042,280
0.043,280
0.041,280
0.051,280
0.045,280
0.046,280
0.103,280
0.045,280
0.044,280
0.043,280
0.038,280
0.072,280
0.041,280
0.044,280
0.04,280
0.047,280
0.043,280
0.044,280
0.045,280
0.045,280
0.051,280
0.055,280
0.041,280
0.043,280
0.041,280
0.041,280
0.042,280
0.043,280
0.04,280
0.07,280
0.044,280
0.042,280
0.04,280
0.043,280
0.042,280
0.053,280
0.046,280
0.047,280
0.044,280
0.045,280
0.045,280
0.044,280
0.05,280
0.053,280
0.042,280
0.044,280
0.043,280
0.045,280
0.048,280
0.044,280
0.042,280
0.051,280
0.043,280
0.053,280
0.038,280
0.044,280
0.049,280
0.052,280
0.048,280
0.044,280
0.048,280
0.045,280
0.042,280
0.051,280
0.041,280
0.046,280
0.046,280
0.044,280
0.048,280
0.043,280
0.042,280
0.042,280
0.041,280
0.043,280
0.049,280
0.043,280
0.042,280
0.052,280
0.06,280
0.043,280
0.043,280
0.043,280
0.042,280
0.043,280
0.047,280
0.043,280
0.04,280
0.051,280
0.038,280
0.045,280
0.068,280
0.058,280
0.044,280
0.044,280
0.05,280
0.044,280
0.044,280
0.044,280
0.042,280
0.043,280
0.041,280
0.048,280
0.041,280
0.044,280
0.041,280
0.044,280
0.053,280
0.055,280
0.052,280
0.044,280
0.042,280
0.043,280
0.048,280
0.048,280
0.043,280
0.043,280
0.044,280
0.054,280
0.041,280
0.047,280
0.046,280
0.044,280
0.042,280
0.043,280
0.043,280
0.044,280
0.044,280
0.046,280
0.042,280
0.044,280
0.046,280
0.045,280
0.046,280
0.049,280
0.042,280
0.054,280
0.039,280
0.043,280
0.048,280
0.046,280
0.042,280
0.044,280
0.053,280
0.048,280
0.042,280
0.048,280
0.046,280
0.041,280
0.045,280
0.048,280
0.038,280
0.05,280
0.04,280
0.044,280
0.054,280
0.046,280
0.044,280
0.046,280
0.042,280
0.046,280
0.041,280
0.106,280
0.04,280
0.045,280
0.048,280
0.043,280
0.052,280
0.053,280
0.039,280
0.044,280
0.054,280
0.051,280
0.039,280
0.046,280
0.04,280
0.043,280
0.045,280
0.043,280
0.042,280
0.064,280
0.04,280
0.045,280
0.041,280
0.047,280
0.042,280
0.057,280
0.04,280
0.043,280
0.052,280
0.046,280
0.042,280
0.045,280
0.043,280
0.05,280
0.042,280
0.045,280
0.042,280
0.044,280
0.043,280
0.045,280
0.036,280
0.053,280
0.1,280
0.042,280
0.039,280
0.043,280
0.045,280
0.05,280
0.043,280
0.046,280
0.043,280
0.044,280
0.038,280
0.044,280
0.044,280
0.045,280
0.041,280
0.045,280
0.043,280
0.044,280
0.105,280
0.043,280
0.042,280
0.044,280
0.04,280
0.042,280
0.044,280
0.052,280
0.04,280
0.043,280
0.053,280
0.047,280
0.043,280
0.045,280
0.053,280
0.082,280
0.043,280
0.042,280
0.04,280
0.05,280
0.042,280
0.046,280
0.041,280
0.044,280
0.039,280
0.044,280
0.043,280
0.045,280
0.041,280
0.044,280
0.038,280
0.042,280
0.041,280
0.044,280
0.05,280
0.049,280
0.044,280
0.044,280
0.044,280
0.041,280
0.044,280
0.049,280
0.045,280
0.101,280
0.057,280
0.043,280
0.042,280
0.046,280
0.06,280
0.06,280
0.042,280
0.045,280
0.043,280
0.045,280
0.04,280
0.043,280
0.054,280
0.051,280
0.048,280
0.045,280
0.04,280
0.045,280
0.041,280
0.046,280
0.047,280
0.047,280
0.041,280
0.042,280
0.041,280
0.042,280
0.04,280
0.047,280
0.041,280
0.049,280
0.042,280
0.048,280
0.045,280
0.044,280
0.04,280
0.049,280
0.058,280
0.045,280
0.047,280
0.045,280
0.054,280
0.049,280
0.042,280
0.044,280
0.041,280
0.044,280
0.043,280
0.052,280
0.052,280
0.045,280
0.04,280
0.044,280
0.045,280
0.045,280
0.044,280
0.045,280
0.04,280
0.059,280
0.041,280
0.045,280
0.042,280
0.043,280
0.05,280
0.051,280
0.047,280
0.045,280
0.039,280
0.041,280
0.049,280
0.043,280
0.045,280
0.042,280
0.044,280
0.044,280
0.052,280
0.048,280
0.044,280
0.044,280
0.083,280
0.047,280
0.043,280
0.049,280
0.042,280
0.043,280
0.043,280
0.045,280
0.045,280
0.047,280
0.046,280
0.044,280
0.039,280
0.044,280
0.038,280
0.043,280
0.043,280
0.044,280
0.04,280
0.043,280
0.043,280
0.044,280
0.043,280
0.044,280
0.043,280
0.045,280
0.04,280
0.047,280
0.043,280
0.042,280
0.038,280
0.044,280
0.055,280
0.048,280
0.042,280
0.045,280
0.042,280
0.043,280
0.042,280
0.069,280
0.079,280
0.044,280
0.047,280
0.048,280
0.046,280
0.045,280
0.042,280
0.041,280
0.042,280
0.044,280
0.042,280
0.046,280
0.041,280
0.044,280
0.042,280
0.045,280
0.042,280
0.04,280
0.042,280
0.047,280
0.044,280
0.051,280
0.041,280
0.045,280
0.042,280
0.05,280
0.043,280
0.044,280
0.042,280
0.047,280
0.044,280
0.048,280
0.044,280
0.048,280
0.041,280
0.048,280
0.044,280
0.052,280
0.04,280
0.043,280
0.042,280
0.047,280
0.042,280
0.044,280
0.045,280
0.044,280
0.051,280
0.044,280
0.044,280
0.045,280
0.04,280
0.046,280
0.043,280
0.047,280
0.049,280
0.046,280
0.048,280
0.054,280
0.043,280
0.043,280
0.04,280
0.042,280
0.048,280
0.045,280
0.052,280
0.058,280
0.043,280
0.043,280
0.041,280
0.05,280
0.057,280
0.049,280
0.042,280
0.044,280
0.042,280
0.046,280
0.049,280
0.057,280
0.055,280
0.048,280
0.043,280
0.044,280
0.05,280
0.053,280
0.047,280
0.047,280
0.041,280
0.046,280
0.049,280
0.05,280
0.057,280
0.047,280
0.051,280
0.045,280
0.041,280
0.044,280
0.056,280
0.054,280
0.038,280
0.051,280
5.501,280
0.046,280
0.041,280
0.051,280
0.042,280
0.045,280
0.041,280
0.045,280
0.044,280
0.043,280
0.058,280
0.048,280
0.045,280
0.045,280
0.042,280
0.044,280
0.05,280
0.043,280
0.04,280
0.047,280
0.052,280
0.051,280
0.041,280
0.045,280
0.043,280
0.046,280
0.041,280
0.046,280
0.04,280
0.044,280
0.046,280
0.046,280
0.042,280
0.055,280
0.101,280
0.048,280
