69.888,280
71.016,280
67.981,280
70.028,280
70.009,280
78.319,280
77.319,280
69.841,280
72.997,280
62.308,280
71.487,280
70.682,280
66.083,280
69.756,280
71.513,280
73.419,280
70.785,280
84.647,280
74.812,280
80.194,280
74.979,280
81.024,280
68.471,280
73.187,280
74.774,280
72.863,280
71.048,280
81.678,280
72.652,280
72.434,280
77.432,280
72.387,280
72.193,280
76.066,280
73.102,280
64.428,280
69.843,280
68.982,280
70.842,280
71.873,280
76.498,280
74.709,280
72.594,280
69.263,280
73.627,280
74.458,280
74.563,280
75.907,280
67.749,280
74.599,280
73.266,280
77.587,280
71.926,280
69.361,280
77.113,280
63.24,280
79.826,280
61.581,280
76.057,280
70.885,280
72.373,280
78.546,280
75.523,280
75.82,280
71.514,280
76.494,280
78.438,280
77.092,280
74.914,280
76.559,280
72.863,280
75.358,280
71.593,280
71.717,280
74.278,280
72.384,280
74.712,280
79.966,280
62.457,280
80.642,280
72.242,280
76.69,280
78.786,280
65.508,280
70.636,280
78.303,280
72.454,280
75.265,280
69.659,280
74.319,280
74.837,280
80.8,280
71.347,280
72.558,280
84.991,280
68.232,280
76.795,280
73.713,280
68.493,280
71.614,280
72.67,280
76.196,280
80.12,280
71.66,280
74.412,280
75.784,280
73.498,280
73.99,280
76.166,280
72.489,280
84.153,280
72.285,280
72.961,280
73.101,280
71.715,280
69.974,280
73.589,280
74.557,280
59.911,280
68.447,280
64.994,280
68.686,280
74.104,280
72.58,280
73.179,280
72.688,280
71.85,280
70.619,280
70.28,280
70.916,280
74.874,280
68.771,280
76.686,280
75.62,280
75.476,280
76.533,280
69.632,280
73.694,280
74.651,280
76.214,280
76.784,280
72.628,280
74.375,280
74.958,280
77.279,280
73.498,280
70.814,280
75.211,280
73.785,280
70.488,280
75.607,280
73.54,280
76.163,280
76.495,280
79.031,280
69.425,280
65.323,280
67.102,280
72.467,280
72.677,280
71.279,280
72.721,280
71.345,280
74.714,280
69.708,280
59.68,280
64.392,280
75.906,280
73.377,280
72.384,280
75.111,280
72.408,280
74.57,280
70.82,280
74.64,280
75.141,280
67.045,280
83.662,280
80.074,280
75.029,280
74.969,280
75.072,280
81.442,280
75.148,280
75.133,280
72.614,280
74.977,280
81.433,280
73.441,280
63.367,280
75.734,280
75.558,280
74.917,280
75.576,280
80.089,280
71.557,280
75.323,280
74.199,280
82.269,280
72.361,280
71.161,280
73.54,280
74.893,280
77.008,280
72.22,280
76.769,280
68.547,280
71.178,280
72.163,280
76.772,280
74.475,280
66.253,280
72.384,280
72.928,280
80.336,280
78.781,280
77.167,280
73.872,280
73.066,280
75.522,280
73.312,280
74.671,280
79.091,280
74.594,280
73.787,280
76.165,280
65.17,280
72.888,280
77.694,280
72.235,280
75.703,280
85.8,280
76.244,280
75.221,280
81.978,280
83.04,280
79.002,280
77.069,280
82.889,280
77.819,280
74.768,280
74.317,280
75.772,280
86.907,280
77.865,280
78.329,280
76.328,280
73.131,280
80.183,280
80.937,280
78.518,280
71.882,280
79.595,280
74.737,280
76.121,280
76.929,280
75.839,280
73.052,280
75.714,280
77.829,280
74.542,280
73.932,280
73.477,280
76.63,280
83.973,280
76.388,280
84.525,280
77.087,280
86.815,280
75.894,280
82.579,280
88.333,280
81.94,280
77.34,280
77.65,280
77.594,280
84.346,280
75.15,280
78.206,280
86.953,280
76.578,280
79.437,280
76.328,280
74.681,280
77.4,280
80.476,280
79.027,280
88.514,280
79.156,280
77.803,280
78.615,280
80.577,280
77.194,280
78.692,280
78.703,280
85.84,280
79.555,280
78.448,280
76.57,280
76.845,280
78.992,280
77.97,280
77.455,280
76.642,280
75.548,280
78.643,280
83.74,280
77.686,280
75.822,280
80.045,280
79.644,280
75.408,280
86.019,280
75.849,280
79.348,280
79.696,280
78.459,280
78.452,280
87.827,280
78.369,280
77.691,280
81.442,280
84.249,280
74.001,280
80.02,280
77.336,280
80.425,280
86.924,280
78.979,280
77.461,280
78.086,280
72.394,280
79.719,280
78.656,280
80.46,280
78.031,280
77.251,280
75.728,280
81.659,280
78.793,280
77.773,280
77.515,280
74.55,280
82.202,280
75.43,280
77.955,280
74.504,280
80.238,280
77.976,280
79.638,280
80.535,280
84.332,280
82.843,280
81.452,280
77.285,280
74.883,280
75.863,280
82.152,280
267.356,280
76.909,280
77.794,280
82.161,280
80.806,280
77.14,280
85.964,280
77.052,280
80.925,280
84.483,280
76.375,280
72.197,280
76.268,280
74.845,280
82.049,280
83.029,280
81.282,280
80.287,280
76.895,280
78.57,280
79.048,280
81.924,280
79.278,280
76.437,280
86.913,280
82.5,280
77.405,280
74.569,280
89.584,280
79.801,280
80.037,280
81.257,280
78.647,280
77.638,280
79.011,280
76.892,280
76.411,280
82.28,280
69.91,280
88.42,280
77.108,280
77.577,280
74.891,280
76.795,280
76.856,280
83.244,280
77.962,280
80.288,280
90.411,280
81.179,280
82.873,280
79.769,280
79.069,280
73.04,280
75.126,280
79.827,280
88.623,280
76.582,280
84.653,280
78.08,280
77.347,280
74.643,280
77.885,280
77.619,280
81.042,280
76.396,280
76.835,280
80.104,280
78.116,280
77.892,280
80.381,280
71.672,280
82.885,280
77.823,280
82.719,280
83.304,280
79.139,280
82.004,280
82.644,280
79.265,280
74.773,280
72.549,280
74.654,280
78.165,280
79.702,280
82.733,280
81.37,280
79.223,280
78.514,280
75.197,280
88.189,280
77.266,280
77.992,280
80.306,280
76.463,280
77.498,280
83.503,280
74.389,280
76.044,280
84.497,280
82.694,280
73.826,280
71.803,280
81.039,280
75.293,280
88.186,280
79.993,280
77.181,280
79.344,280
83.931,280
75.98,280
77.979,280
77.826,280
80.823,280
84.12,280
81.192,280
77.916,280
77.63,280
85.452,280
77.562,280
79.262,280
76.544,280
76.505,280
77.086,280
73.657,280
78.616,280
72.651,280
79.339,280
78.894,280
84.604,280
76.36,280
77.307,280
72.249,280
260.512,280
74.109,280
83.623,280
80.204,280
74.483,280
76.195,280
74.952,280
77.557,280
77.816,280
72.196,280
80.158,280
78.623,280
75.655,280
77.217,280
76.249,280
75.852,280
73.436,280
80.445,280
84.16,280
75.54,280
75.857,280
80.265,280
84.502,280
82.66,280
76.26,280
81.68,280
82.666,280
69.167,280
73.984,280
73.819,280
77.213,280
77.641,280
78.771,280
69.498,280
82.865,280
73.18,280
82.449,280
77.508,280
83.861,280
77.755,280
85.694,280
80.245,280
77.407,280
72.322,280
78.007,280
73.51,280
78.872,280
84.337,280
76.953,280
80.412,280
79.942,280
77.173,280
74.561,280
80.467,280
83.639,280
75.274,280
75.559,280
80.532,280
78.631,280
79.724,280
82.611,280
79.153,280
80.379,280
77.213,280
78.399,280
78.225,280
75.005,280
78.456,280
82.315,280
75.771,280
76.805,280
81.511,280
82.611,280
77.68,280
75.243,280
77.428,280
76.673,280
79.869,280
79.987,280
73.665,280
76.741,280
84.453,280
75.033,280
78.269,280
84.199,280
85.778,280
77.205,280
85.515,280
81.989,280
82.487,280
81.348,280
77.888,280
77.058,280
81.77,280
80.611,280
75.244,280
83.047,280
73.952,280
77.931,280
80.393,280
80.884,280
78.047,280
78.465,280
73.94,280
78.637,280
83.797,280
77.419,280
82.201,280
75.682,280
77.126,280
73.707,280
79.272,280
75.205,280
81.975,280
78.569,280
77.501,280
84.024,280
84.826,280
79.973,280
76.382,280
81.154,280
79.519,280
86.73,280
77.297,280
82.882,280
77.032,280
74.144,280
81.852,280
79.018,280
94.647,280
77.5,280
75.51,280
74.806,280
84.614,280
77.868,280
93.537,280
75.141,280
78.854,280
84.933,280
74.355,280
77.054,280
73.321,280
80.486,280
73.675,280
82.907,280
79.164,280
81.313,280
79.19,280
79.866,280
78.157,280
77.112,280
76.291,280
415.146,280
82.514,280
79.47,280
82.697,280
81.488,280
73.521,280
84.868,280
82.542,280
78.685,280
82.198,280
75.786,280
83.765,280
79.557,280
77.471,280
78.461,280
75.445,280
73.24,280
73.086,280
73.092,280
76.565,280
73.73,280
78.886,280
78.101,280
78.641,280
75.8,280
75.719,280
76.106,280
79.041,280
76.51,280
72.844,280
79.415,280
75.625,280
82.015,280
76.018,280
76.901,280
78.078,280
76.066,280
77.41,280
82.471,280
79.046,280
75.892,280
74.171,280
84.688,280
72.969,280
265.817,280
83.453,280
82.399,280
80.817,280
72.024,280
80.963,280
77.145,280
77.682,280
74.615,280
72.623,280
74.783,280
76.246,280
75.974,280
75.426,280
82.759,280
76.416,280
89.022,280
76.842,280
74.185,280
72.508,280
74.094,280
77.428,280
79.623,280
80.568,280
74.997,280
74.893,280
