0.074,280
0.416,280
0.239,280
0.345,280
0.279,280
0.251,280
0.347,280
0.39,280
0.267,280
0.283,280
0.301,280
0.323,280
0.306,280
0.296,280
0.386,280
0.348,280
0.227,280
0.39,280
0.229,280
0.29,280
0.346,280
0.386,280
0.249,280
0.243,280
0.261,280
0.34,280
0.282,280
87.837,280
0.321,280
0.272,280
1.167,280
0.344,280
0.378,280
0.235,280
0.261,280
0.318,280
0.364,280
1.723,280
0.292,280
0.281,280
0.406,280
0.262,280
0.352,280
0.268,280
0.294,280
0.346,280
0.377,280
0.295,280
0.327,280
0.283,280
0.368,280
0.281,280
0.297,280
0.37,280
91.11,280
0.108,280
0.362,280
0.269,280
0.289,280
0.338,280
0.401,280
0.23,280
0.266,280
0.345,280
0.396,280
0.254,280
0.227,280
0.319,280
0.364,280
0.252,280
0.33,280
0.294,280
0.262,280
0.35,280
0.365,280
0.302,280
0.283,280
0.313,280
0.381,280
0.227,280
0.29,280
0.385,280
90.957,280
0.317,280
0.266,280
0.408,280
0.297,280
0.388,280
0.264,280
0.261,280
0.332,280
0.324,280
0.254,280
0.238,280
0.266,280
0.352,280
0.231,280
0.322,280
0.279,280
0.258,280
0.295,280
0.372,280
0.298,280
0.335,280
0.292,280
0.358,280
0.253,280
0.296,280
0.386,280
82.053,280
0.318,280
0.266,280
0.336,280
0.295,280
0.379,280
0.694,280
0.267,280
0.318,280
0.36,280
0.274,280
0.266,280
0.25,280
0.395,280
0.235,280
0.32,280
0.271,280
0.228,280
0.35,280
0.4,280
0.268,280
0.297,280
0.268,280
0.372,280
0.245,280
0.287,280
0.384,280
99.752,280
0.069,280
0.313,280
0.228,280
0.278,280
0.292,280
0.359,280
0.227,280
0.271,280
0.369,280
0.366,280
0.268,280
0.226,280
0.292,280
0.36,280
0.232,280
0.315,280
0.272,280
0.262,280
0.338,280
0.445,280
0.292,280
0.319,280
0.275,280
0.369,280
0.269,280
0.3,280
0.439,280
80.521,280
0.318,280
0.227,280
0.27,280
0.274,280
0.367,280
0.244,280
0.265,280
0.313,280
0.391,280
0.295,280
0.255,280
0.228,280
0.317,280
0.217,280
0.302,280
0.257,280
0.245,280
0.328,280
0.381,280
0.277,280
0.315,280
0.27,280
0.437,280
0.233,280
0.289,280
0.374,280
72.726,280
0.073,280
0.311,280
0.275,280
0.282,280
0.29,280
0.397,280
0.243,280
0.273,280
0.328,280
0.374,280
0.249,280
0.234,280
0.272,280
0.378,280
0.24,280
0.325,280
0.273,280
0.273,280
0.405,280
0.381,280
0.285,280
0.319,280
0.261,280
0.365,280
0.558,280
0.29,280
1.32,280
88.261,280
0.327,280
0.28,280
0.297,280
0.288,280
0.438,280
0.203,280
0.278,280
0.368,280
0.391,280
0.266,280
0.259,280
0.268,280
0.347,280
0.229,280
0.335,280
0.331,280
0.268,280
0.353,280
0.38,280
0.389,280
0.323,280
0.269,280
0.332,280
0.24,280
0.251,280
0.392,280
97.067,280
0.07,280
0.321,280
0.269,280
0.329,280
0.295,280
0.416,280
0.25,280
0.278,280
0.365,280
0.399,280
0.265,280
0.24,280
0.263,280
0.367,280
0.269,280
0.375,280
0.275,280
0.257,280
0.371,280
0.355,280
0.297,280
0.328,280
0.26,280
0.361,280
0.235,280
0.302,280
0.392,280
90.759,280
0.371,280
0.339,280
0.297,280
0.292,280
0.394,280
0.235,280
0.27,280
0.362,280
0.37,280
0.259,280
0.223,280
0.262,280
0.407,280
0.248,280
0.315,280
0.25,280
0.269,280
0.443,280
0.382,280
0.293,280
0.36,280
0.262,280
0.373,280
0.226,280
0.291,280
0.4,280
90.478,280
0.076,280
0.316,280
0.274,280
0.287,280
0.294,280
0.381,280
0.234,280
0.263,280
0.325,280
0.377,280
0.265,280
0.226,280
0.27,280
0.392,280
0.253,280
0.315,280
0.271,280
0.26,280
0.351,280
0.381,280
0.343,280
0.343,280
0.264,280
0.368,280
0.238,280
0.288,280
0.392,280
85.471,280
0.308,280
0.267,280
0.288,280
0.297,280
0.38,280
0.242,280
0.25,280
0.312,280
0.366,280
0.24,280
0.235,280
0.262,280
0.379,280
0.234,280
0.311,280
0.28,280
0.252,280
0.341,280
0.389,280
0.308,280
0.317,280
0.273,280
0.402,280
0.23,280
0.287,280
0.444,280
82.604,280
0.072,280
0.316,280
0.267,280
0.306,280
0.292,280
0.387,280
0.736,280
0.32,280
0.328,280
0.371,280
0.272,280
0.231,280
0.319,280
0.352,280
0.234,280
0.312,280
0.278,280
0.263,280
0.353,280
0.379,280
0.362,280
0.33,280
0.275,280
0.354,280
0.262,280
0.286,280
0.377,280
84.439,280
0.329,280
0.263,280
0.283,280
0.282,280
0.374,280
0.243,280
0.322,280
0.329,280
0.379,280
0.261,280
0.237,280
0.273,280
0.379,280
0.229,280
0.325,280
0.265,280
0.222,280
0.407,280
0.345,280
0.306,280
0.28,280
0.27,280
0.372,280
0.228,280
0.298,280
0.355,280
81.694,280
0.123,280
0.351,280
0.264,280
0.297,280
0.294,280
0.389,280
0.235,280
0.264,280
0.32,280
0.368,280
0.253,280
0.228,280
0.265,280
0.317,280
0.268,280
0.304,280
0.26,280
0.261,280
0.399,280
0.377,280
0.304,280
0.348,280
0.269,280
0.43,280
0.246,280
0.294,280
0.414,280
92.102,280
0.314,280
0.27,280
0.281,280
0.288,280
0.389,280
0.235,280
0.281,280
0.332,280
0.37,280
0.267,280
0.225,280
0.258,280
0.356,280
0.248,280
0.321,280
0.278,280
0.223,280
0.351,280
0.486,280
0.29,280
0.324,280
0.265,280
0.38,280
0.238,280
0.29,280
0.387,280
95.043,280
0.069,280
0.326,280
0.275,280
0.316,280
0.294,280
0.328,280
0.213,280
0.258,280
0.323,280
0.363,280
0.252,280
0.223,280
0.26,280
0.352,280
0.274,280
0.279,280
0.355,280
0.255,280
0.336,280
0.374,280
0.285,280
0.32,280
0.274,280
0.38,280
0.241,280
0.292,280
0.391,280
88.426,280
0.315,280
0.254,280
0.51,280
0.297,280
0.448,280
0.225,280
0.267,280
0.326,280
0.373,280
0.299,280
0.229,280
0.276,280
0.344,280
0.265,280
0.307,280
0.249,280
0.22,280
0.295,280
0.37,280
0.317,280
0.326,280
0.425,280
0.414,280
0.244,280
0.276,280
0.444,280
85.184,280
0.07,280
0.322,280
0.26,280
1.029,280
0.304,280
0.379,280
0.226,280
0.269,280
0.372,280
0.372,280
0.26,280
0.2,280
0.284,280
0.376,280
0.216,280
0.33,280
0.226,280
0.22,280
0.335,280
0.382,280
0.252,280
0.375,280
0.244,280
0.354,280
0.217,280
0.388,280
0.527,280
77.44,280
0.306,280
0.279,280
0.296,280
0.3,280
0.389,280
0.247,280
0.262,280
0.343,280
0.366,280
0.266,280
0.229,280
0.276,280
0.362,280
0.239,280
0.344,280
0.267,280
0.289,280
0.339,280
0.433,280
0.299,280
0.329,280
0.264,280
0.364,280
0.23,280
0.302,280
0.392,280
94.311,280
0.055,280
0.33,280
0.258,280
0.283,280
0.277,280
0.384,280
0.233,280
0.256,280
0.329,280
0.378,280
0.263,280
0.237,280
0.336,280
0.407,280
0.23,280
0.315,280
0.278,280
0.257,280
0.346,280
0.418,280
0.259,280
0.305,280
0.281,280
0.331,280
0.225,280
0.284,280
0.383,280
87.583,280
0.055,280
0.326,280
0.275,280
0.293,280
0.294,280
0.351,280
0.228,280
0.269,280
0.316,280
0.43,280
0.256,280
0.238,280
0.278,280
0.35,280
0.233,280
0.325,280
0.257,280
0.26,280
0.338,280
0.379,280
0.264,280
0.297,280
0.238,280
0.353,280
0.216,280
0.294,280
0.383,280
78.593,280
0.055,280
0.328,280
0.267,280
0.316,280
0.285,280
0.379,280
0.269,280
0.271,280
0.326,280
0.364,280
0.249,280
0.22,280
0.256,280
0.338,280
0.224,280
0.301,280
0.254,280
0.266,280
0.343,280
0.382,280
0.308,280
0.271,280
0.251,280
0.381,280
0.228,280
0.277,280
0.381,280
77.552,280
0.087,280
0.327,280
0.268,280
0.287,280
0.337,280
0.388,280
0.229,280
0.287,280
0.359,280
0.373,280
0.268,280
0.228,280
0.261,280
0.353,280
0.231,280
0.312,280
0.257,280
0.252,280
0.348,280
0.397,280
0.302,280
0.285,280
0.273,280
0.362,280
0.22,280
0.272,280
0.367,280
82.683,280
0.393,280
0.25,280
0.297,280
0.267,280
0.221,280
0.296,280
0.403,280
0.373,280
0.309,280
0.351,280
0.331,280
0.304,280
0.249,280
0.301,280
0.352,280
0.259,280
0.374,280
0.244,280
0.3,280
0.365,280
0.339,280
0.266,280
0.257,280
0.292,280
0.353,280
0.299,280
96.071,280
0.392,280
0.337,280
0.232,280
0.274,280
0.315,280
0.353,280
0.275,280
0.395,280
0.368,280
0.322,280
0.336,280
0.26,280
0.339,280
0.335,280
0.23,280
0.233,280
0.29,280
0.27,280
0.304,280
0.359,280
0.274,280
0.357,280
0.348,280
0.289,280
0.306,280
0.265,280
85.922,280
0.384,280
0.31,280
0.255,280
0.254,280
0.253,280
0.386,280
0.248,280
0.335,280
0.414,280
0.293,280
0.351,280
0.264,280
0.323,280
0.322,280
0.236,280
0.234,280
0.255,280
0.272,280
0.273,280
0.422,280
0.271,280
0.344,280
0.394,280
0.261,280
0.327,280
0.287,280
87.154,280
0.38,280
0.314,280
0.225,280
0.278,280
0.239,280
0.328,280
0.258,280
0.335,280
0.374,280
0.33,280
0.315,280
0.246,280
0.347,280
0.338,280
0.219,280
0.237,280
0.266,280
0.255,280
0.292,280
0.345,280
0.257,280
0.365,280
0.331,280
0.286,280
0.325,280
0.272,280
77.013,280
0.074,280
0.399,280
0.324,280
0.233,280
0.227,280
0.256,280
0.38,280
0.27,280
0.345,280
0.378,280
0.315,280
0.319,280
0.26,280
0.328,280
0.32,280
0.271,280
0.225,280
0.278,280
0.281,280
0.263,280
0.369,280
0.258,280
0.428,280
0.349,280
0.295,280
0.314,280
0.231,280
85.258,280
0.068,280
0.403,280
0.334,280
0.24,280
0.262,280
0.264,280
0.381,280
0.264,280
0.359,280
0.378,280
0.336,280
0.384,280
0.264,280
0.327,280
0.322,280
0.228,280
0.233,280
0.259,280
0.281,280
0.267,280
0.355,280
0.278,280
0.35,280
0.365,280
0.284,280
0.331,280
0.279,280
89.318,280
0.063,280
0.399,280
0.326,280
0.235,280
0.265,280
0.262,280
0.385,280
0.275,280
0.363,280
0.372,280
0.313,280
0.317,280
0.257,280
0.327,280
0.343,280
0.224,280
0.276,280
0.237,280
0.272,280
0.269,280
0.373,280
0.251,280
0.33,280
0.387,280
0.285,280
0.309,280
0.26,280
87.813,280
0.063,280
0.392,280
0.316,280
0.231,280
0.26,280
0.251,280
0.378,280
0.27,280
0.35,280
0.369,280
0.331,280
0.334,280
0.279,280
0.313,280
0.374,280
0.262,280
0.232,280
0.264,280
0.284,280
0.261,280
0.364,280
0.25,280
0.362,280
0.36,280
0.309,280
0.327,280
0.272,280
85.719,280
0.054,280
0.394,280
0.322,280
0.24,280
0.269,280
0.262,280
0.384,280
0.271,280
0.359,280
0.38,280
0.331,280
0.363,280
0.272,280
0.329,280
0.329,280
0.25,280
0.249,280
0.27,280
0.274,280
0.265,280
0.356,280
0.264,280
0.352,280
0.343,280
0.287,280
0.32,280
0.275,280
93.257,280
0.058,280
0.384,280
0.318,280
0.231,280
0.266,280
0.263,280
0.393,280
0.272,280
0.415,280
0.367,280
0.325,280
0.31,280
0.238,280
0.32,280
0.337,280
0.248,280
0.229,280
0.231,280
0.312,280
0.269,280
0.353,280
0.223,280
0.35,280
0.341,280
0.308,280
0.328,280
0.277,280
81.573,280
0.058,280
0.401,280
0.335,280
0.24,280
0.264,280
0.255,280
0.384,280
0.385,280
0.36,280
0.368,280
0.313,280
0.32,280
0.27,280
0.338,280
0.36,280
0.502,280
0.293,280
0.276,280
0.273,280
0.266,280
0.365,280
0.312,280
0.345,280
0.342,280
0.283,280
0.313,280
0.261,280
97.18,280
0.388,280
0.255,280
0.295,280
0.262,280
0.233,280
0.301,280
0.336,280
0.269,280
0.287,280
0.293,280
0.329,280
0.304,280
0.277,280
0.346,280
0.346,280
0.299,280
0.38,280
0.236,280
0.311,280
0.365,280
0.349,280
0.253,280
0.255,280
0.285,280
0.361,280
0.291,280
82.791,280
0.342,280
0.272,280
0.3,280
0.302,280
0.453,280
0.232,280
0.264,280
0.279,280
0.361,280
0.256,280
0.276,280
0.28,280
0.352,280
0.227,280
0.308,280
0.26,280
0.255,280
0.339,280
0.414,280
0.289,280
0.322,280
0.27,280
0.376,280
0.254,280
0.292,280
0.391,280
88.954,280
0.052,280
0.332,280
0.259,280
0.307,280
0.293,280
0.391,280
0.241,280
0.264,280
0.323,280
0.385,280
0.281,280
0.231,280
0.259,280
0.351,280
0.232,280
0.313,280
0.278,280
0.259,280
0.338,280
0.379,280
0.297,280
0.325,280
0.247,280
0.336,280
0.234,280
0.293,280
0.37,280
81.634,280
0.396,280
0.245,280
0.299,280
0.266,280
0.421,280
0.299,280
0.396,280
0.274,280
0.286,280
0.327,280
0.336,280
0.326,280
0.279,280
0.314,280
0.457,280
0.296,280
0.393,280
0.235,280
0.299,280
0.373,280
0.357,280
0.258,280
0.361,280
0.29,280
0.35,280
0.342,280
97.875,280
0.235,280
0.274,280
0.394,280
0.343,280
0.386,280
0.238,280
0.245,280
0.447,280
0.294,280
0.344,280
0.314,280
0.375,280
0.387,280
0.264,280
0.413,280
0.268,280
0.35,280
0.235,280
0.339,280
0.269,280
0.344,280
0.362,280
0.644,280
0.389,280
0.298,280
83.315,280
0.24,280
0.263,280
0.379,280
0.345,280
0.575,280
0.232,280
0.252,280
0.295,280
0.297,280
0.331,280
0.305,280
0.372,280
0.296,280
0.293,280
0.386,280
0.262,280
0.34,280
0.24,280
0.338,280
0.268,280
0.378,280
0.356,280
0.269,280
0.377,280
0.294,280
81.147,280
0.236,280
0.264,280
0.365,280
0.329,280
0.38,280
0.243,280
0.243,280
0.287,280
0.294,280
0.355,280
0.363,280
0.395,280
0.347,280
0.265,280
0.374,280
0.284,280
0.344,280
0.204,280
0.337,280
0.302,280
0.4,280
0.381,280
0.264,280
0.39,280
0.298,280
91.138,280
0.073,280
0.231,280
0.497,280
0.389,280
0.283,280
0.442,280
0.245,280
0.235,280
0.326,280
0.291,280
0.347,280
0.348,280
0.369,280
0.327,280
0.27,280
0.382,280
0.266,280
0.364,280
0.229,280
0.447,280
0.329,280
0.309,280
0.3,280
0.257,280
0.374,280
0.283,280
77.957,280
0.225,280
0.257,280
0.361,280
0.296,280
0.406,280
0.237,280
0.2,280
0.324,280
0.252,280
0.34,280
0.348,280
0.373,280
0.345,280
0.263,280
0.377,280
0.269,280
0.408,280
0.227,280
0.325,280
0.275,280
0.355,280
0.352,280
0.314,280
0.385,280
0.3,280
83.783,280
0.241,280
0.276,280
0.376,280
0.313,280
0.356,280
0.222,280
0.43,280
0.317,280
0.284,280
0.383,280
0.347,280
0.866,280
0.316,280
0.264,280
0.386,280
0.285,280
0.365,280
0.238,280
0.354,280
0.313,280
0.372,280
0.367,280
0.264,280
0.425,280
0.304,280
87.599,280
0.256,280
0.268,280
0.372,280
0.32,280
0.374,280
0.232,280
0.244,280
0.295,280
0.291,280
0.37,280
0.309,280
0.324,280
0.31,280
0.252,280
0.353,280
0.278,280
0.364,280
0.233,280
0.308,280
0.269,280
0.376,280
0.359,280
0.268,280
0.403,280
0.295,280
78.107,280
0.237,280
0.562,280
0.378,280
0.332,280
0.381,280
0.232,280
0.25,280
0.305,280
0.307,280
0.354,280
0.351,280
0.383,280
0.316,280
0.847,280
0.633,280
0.272,280
0.358,280
0.301,280
0.342,280
0.264,280
0.368,280
0.309,280
0.267,280
0.397,280
0.314,280
88.093,280
0.055,280
0.246,280
0.313,280
0.378,280
0.368,280
0.369,280
0.241,280
0.233,280
0.29,280
0.295,280
0.361,280
0.35,280
0.377,280
0.283,280
0.318,280
0.376,280
0.264,280
0.36,280
0.239,280
0.34,280
0.281,280
0.356,280
0.376,280
0.229,280
0.388,280
0.301,280
78.492,280
0.056,280
0.242,280
0.266,280
0.375,280
0.321,280
0.372,280
0.271,280
0.23,280
0.283,280
0.298,280
0.441,280
0.365,280
0.383,280
0.33,280
0.274,280
0.386,280
0.267,280
0.352,280
0.241,280
0.369,280
0.256,280
0.36,280
0.361,280
0.263,280
0.385,280
0.29,280
76.932,280
0.242,280
0.255,280
0.401,280
0.332,280
0.402,280
0.233,280
0.233,280
0.303,280
0.301,280
0.362,280
0.415,280
0.373,280
0.345,280
0.248,280
0.352,280
0.23,280
0.32,280
0.237,280
0.325,280
0.27,280
0.355,280
0.363,280
0.268,280
0.391,280
0.296,280
80.347,280
0.233,280
0.33,280
0.368,280
0.325,280
0.408,280
0.24,280
0.229,280
0.312,280
0.298,280
0.354,280
0.366,280
0.381,280
0.331,280
0.28,280
0.375,280
0.277,280
0.348,280
0.235,280
0.324,280
0.271,280
0.357,280
0.345,280
0.487,280
0.426,280
0.314,280
77.807,280
0.392,280
0.252,280
0.299,280
0.272,280
0.235,280
0.298,280
0.397,280
0.277,280
0.279,280
0.309,280
0.321,280
0.312,280
0.302,280
0.4,280
0.398,280
0.267,280
0.387,280
0.243,280
0.318,280
0.351,280
0.356,280
0.263,280
0.268,280
0.245,280
0.34,280
0.336,280
83.859,280
0.266,280
0.383,280
0.228,280
0.37,280
0.283,280
0.246,280
0.346,280
0.319,280
0.346,280
0.273,280
0.283,280
0.274,280
0.368,280
0.287,280
0.252,280
0.253,280
0.291,280
0.224,280
0.4,280
0.291,280
0.252,280
0.233,280
0.227,280
0.324,280
0.365,280
0.283,280
0.586,280
0.357,280
100.87,280
0.427,280
0.238,280
0.293,280
0.271,280
0.229,280
0.31,280
0.384,280
0.266,280
0.28,280
0.326,280
0.318,280
0.305,280
0.291,280
0.346,280
0.351,280
0.269,280
0.392,280
0.237,280
0.329,280
0.372,280
0.361,280
0.295,280
0.267,280
0.295,280
0.414,280
0.318,280
88.305,280
0.248,280
0.317,280
0.407,280
0.249,280
0.296,280
0.306,280
0.243,280
0.272,280
0.324,280
0.29,280
0.264,280
0.243,280
0.288,280
0.266,280
0.326,280
0.336,280
0.334,280
0.28,280
0.299,280
0.331,280
0.244,280
0.284,280
0.269,280
0.277,280
0.304,280
0.308,280
0.213,280
0.313,280
85.726,280
0.379,280
0.248,280
0.294,280
0.273,280
0.249,280
0.307,280
0.38,280
0.28,280
0.27,280
0.307,280
0.318,280
0.292,280
0.286,280
0.36,280
0.334,280
0.257,280
0.397,280
0.26,280
0.262,280
0.349,280
0.346,280
0.264,280
0.267,280
0.297,280
0.396,280
0.299,280
101.046,280
0.057,280
0.066,280
0.392,280
0.308,280
0.312,280
0.272,280
0.244,280
0.307,280
0.375,280
0.269,280
0.274,280
0.302,280
0.283,280
0.306,280
0.3,280
0.419,280
0.35,280
0.264,280
0.385,280
0.22,280
0.286,280
0.351,280
0.36,280
0.26,280
0.267,280
0.284,280
0.367,280
0.26,280
87.716,280
0.322,280
0.266,280
0.285,280
0.293,280
0.387,280
0.264,280
0.288,280
0.309,280
0.38,280
0.257,280
0.231,280
0.262,280
0.355,280
0.24,280
0.315,280
0.254,280
0.263,280
0.311,280
0.367,280
0.266,280
0.318,280
0.251,280
0.377,280
0.222,280
0.293,280
0.94,280
76.368,280
0.396,280
0.24,280
0.296,280
0.253,280
1.038,280
0.296,280
0.432,280
0.273,280
0.273,280
0.302,280
0.339,280
0.36,280
0.298,280
0.405,280
0.345,280
0.263,280
0.381,280
0.23,280
0.3,280
0.373,280
0.366,280
0.273,280
0.231,280
0.327,280
0.354,280
0.259,280
88.624,280
0.271,280
0.267,280
0.263,280
0.262,280
0.307,280
0.362,280
0.241,280
0.338,280
0.273,280
0.258,280
0.296,280
0.409,280
0.24,280
0.266,280
0.295,280
0.307,280
0.241,280
0.304,280
0.227,280
0.3,280
0.23,280
0.298,280
0.308,280
0.336,280
0.225,280
0.335,280
0.276,280
0.246,280
0.376,280
96.586,280
0.273,280
0.266,280
0.27,280
0.247,280
0.259,280
0.349,280
0.236,280
0.303,280
0.251,280
0.327,280
0.29,280
0.387,280
0.234,280
0.288,280
0.284,280
0.268,280
0.235,280
0.309,280
0.302,280
0.316,280
0.233,280
0.291,280
0.291,280
0.332,280
0.274,280
0.347,280
0.307,280
0.239,280
0.381,280
94.557,280
0.277,280
0.264,280
0.273,280
0.264,280
0.266,280
0.348,280
0.246,280
0.31,280
0.267,280
0.305,280
0.292,280
0.375,280
0.237,280
0.266,280
0.331,280
0.277,280
0.245,280
0.299,280
0.245,280
0.357,280
0.229,280
0.318,280
0.259,280
0.337,280
0.244,280
0.354,280
0.269,280
0.251,280
0.379,280
99.605,280
0.387,280
0.239,280
0.378,280
0.277,280
0.238,280
0.313,280
0.381,280
0.265,280
0.232,280
0.267,280
0.333,280
0.303,280
0.264,280
0.406,280
0.351,280
0.271,280
0.341,280
0.204,280
0.307,280
0.358,280
0.355,280
0.284,280
0.261,280
0.302,280
0.354,280
0.301,280
83.037,280
0.291,280
0.355,280
0.256,280
0.35,280
0.311,280
0.383,280
0.405,280
0.235,280
0.275,280
0.385,280
4.697,280
0.382,280
0.27,280
0.298,280
0.654,280
0.246,280
0.276,280
0.256,280
0.325,280
0.349,280
0.296,280
0.354,280
0.34,280
0.325,280
0.229,280
106.922,280
0.265,280
0.358,280
0.255,280
0.349,280
0.284,280
0.375,280
0.329,280
0.235,280
0.312,280
0.39,280
0.281,280
0.325,280
0.277,280
0.262,280
0.324,280
0.278,280
0.3,280
0.263,280
0.285,280
0.314,280
0.284,280
0.349,280
0.347,280
0.312,280
0.198,280
85.314,280
0.369,280
0.352,280
0.269,280
0.351,280
0.297,280
0.423,280
0.389,280
0.237,280
0.37,280
0.37,280
0.276,280
0.374,280
0.262,280
0.314,280
0.302,280
0.232,280
0.52,280
0.265,280
0.36,280
0.399,280
0.268,280
0.337,280
0.375,280
0.364,280
0.239,280
89.806,280
0.39,280
0.369,280
0.309,280
0.282,280
0.243,280
0.309,280
0.38,280
0.266,280
0.288,280
0.304,280
0.313,280
0.293,280
0.284,280
0.353,280
0.335,280
0.261,280
0.383,280
0.226,280
0.3,280
0.37,280
0.367,280
0.265,280
0.264,280
0.301,280
0.354,280
0.297,280
94.948,280
0.453,280
0.28,280
0.343,280
0.298,280
0.251,280
0.329,280
0.346,280
0.347,280
0.32,280
0.238,280
0.291,280
0.278,280
0.294,280
0.273,280
0.317,280
0.268,280
0.251,280
0.24,280
0.269,280
0.325,280
0.259,280
0.349,280
0.358,280
0.347,280
0.287,280
0.339,280
0.229,280
0.241,280
101.927,280
0.388,280
0.3,280
0.347,280
0.298,280
0.32,280
0.289,280
0.336,280
0.298,280
0.331,280
0.225,280
0.326,280
0.267,280
0.237,280
0.263,280
0.423,280
0.279,280
0.24,280
0.289,280
0.227,280
0.313,280
0.256,280
0.353,280
0.261,280
0.4,280
0.918,280
0.332,280
0.245,280
0.272,280
94.639,280
0.384,280
0.292,280
0.356,280
0.334,280
0.254,280
0.296,280
0.374,280
0.315,280
0.322,280
0.218,280
0.37,280
0.279,280
0.248,280
0.258,280
0.264,280
0.288,280
0.236,280
0.225,280
0.24,280
0.311,280
0.254,280
0.337,280
0.254,280
0.319,280
0.295,280
0.327,280
0.25,280
0.321,280
103.204,280
0.406,280
0.244,280
0.303,280
0.274,280
0.248,280
0.345,280
0.37,280
0.277,280
0.265,280
0.288,280
0.323,280
0.295,280
0.251,280
0.371,280
0.383,280
0.264,280
0.387,280
0.228,280
0.305,280
0.366,280
0.591,280
0.257,280
0.263,280
0.282,280
0.36,280
0.299,280
106.872,280
0.303,280
0.383,280
0.244,280
0.263,280
0.289,280
0.345,280
0.267,280
0.231,280
0.314,280
0.24,280
0.292,280
0.355,280
0.298,280
0.345,280
0.379,280
0.222,280
0.381,280
0.34,280
0.342,280
0.277,280
0.234,280
0.363,280
0.277,280
0.291,280
0.331,280
0.296,280
80.745,280
0.285,280
0.536,280
0.249,280
0.283,280
0.331,280
0.378,280
0.271,280
0.267,280
0.293,280
0.29,280
0.284,280
0.361,280
0.309,280
0.367,280
0.348,280
0.23,280
0.395,280
0.339,280
0.35,280
0.475,280
0.263,280
0.44,280
0.27,280
0.289,280
0.322,280
0.292,280
84.935,280
0.301,280
0.509,280
0.233,280
0.268,280
0.29,280
0.464,280
0.316,280
0.296,280
0.287,280
0.299,280
0.287,280
0.348,280
0.283,280
0.323,280
0.356,280
0.225,280
0.394,280
0.309,280
0.357,280
0.304,280
0.29,280
0.411,280
0.265,280
0.288,280
0.379,280
0.337,280
86.293,280
