0.14,280
0.237,280
0.145,280
0.146,280
0.184,280
0.148,280
0.149,280
0.156,280
0.167,280
0.176,280
0.149,280
0.165,280
0.151,280
0.144,280
0.144,280
0.152,280
0.151,280
0.147,280
0.147,280
0.17,280
0.149,280
0.152,280
0.149,280
0.147,280
0.147,280
0.144,280
0.149,280
0.146,280
0.137,280
6.121,280
0.149,280
0.149,280
0.149,280
0.15,280
0.164,280
0.138,280
0.142,280
5.875,280
0.155,280
5.917,280
0.143,280
5.804,280
0.15,280
0.151,280
0.182,280
6.153,280
5.97,280
5.877,280
0.135,280
5.687,280
5.721,280
0.136,280
0.141,280
0.15,280
0.15,280
0.148,280
7.142,280
12.941,280
0.147,280
0.138,280
0.153,280
6.055,280
6.559,280
9.412,280
0.158,280
11.387,280
7.718,280
6.392,280
0.153,280
0.148,280
8.698,280
7.393,280
6.82,280
0.149,280
0.151,280
8.558,280
5.883,280
0.153,280
7.476,280
7.746,280
0.155,280
8.725,280
7.971,280
8.485,280
0.146,280
8.018,280
7.287,280
6.681,280
0.147,280
6.461,280
7.558,280
6.372,280
6.176,280
11.024,280
5.94,280
0.158,280
9.68,280
0.153,280
7.862,280
7.504,280
0.154,280
9.345,280
8.557,280
7.936,280
9.41,280
0.173,280
0.148,280
9.141,280
8.204,280
0.148,280
6.613,280
8.029,280
7.124,280
7.352,280
8.933,280
8.737,280
0.152,280
6.452,280
7.081,280
9.857,280
6.932,280
12.937,280
0.15,280
9.2,280
0.139,280
10.642,280
8.31,280
6.473,280
5.898,280
6.581,280
7.571,280
10.322,280
9.15,280
8.313,280
8.357,280
7.644,280
0.156,280
9.304,280
7.175,280
0.154,280
7.801,280
10.144,280
0.151,280
8.187,280
7.281,280
9.201,280
7.403,280
0.159,280
7.975,280
6.708,280
7.481,280
0.148,280
9.441,280
5.958,280
7.381,280
9.273,280
9.423,280
6.635,280
8.177,280
7.118,280
7.358,280
7.472,280
9.864,280
9.96,280
9.156,280
8.453,280
7.903,280
6.133,280
7.406,280
9.467,280
8.993,280
0.152,280
8.395,280
0.151,280
9.471,280
9.955,280
6.609,280
8.254,280
8.607,280
0.157,280
7.654,280
9.506,280
8.628,280
6.729,280
9.503,280
7.655,280
9.355,280
6.357,280
6.741,280
12.74,280
7.653,280
9.046,280
6.671,280
0.15,280
6.825,280
0.155,280
9.621,280
7.757,280
0.154,280
6.47,280
6.952,280
0.175,280
0.181,280
0.2,280
0.175,280
0.183,280
0.187,280
0.238,280
0.196,280
0.228,280
0.202,280
0.185,280
0.192,280
0.194,280
0.337,280
0.172,280
0.191,280
0.196,280
0.175,280
0.181,280
0.371,280
0.254,280
0.255,280
0.18,280
0.191,280
0.183,280
0.187,280
0.188,280
8.327,280
0.177,280
0.219,280
0.187,280
0.2,280
0.183,280
0.193,280
0.25,280
0.238,280
0.357,280
0.175,280
0.195,280
0.204,280
0.194,280
0.176,280
0.181,280
0.183,280
0.203,280
0.181,280
0.308,280
0.183,280
0.183,280
0.182,280
0.186,280
0.193,280
0.172,280
0.233,280
0.191,280
0.184,280
0.248,280
0.186,280
0.228,280
0.196,280
0.169,280
0.164,280
9.34,280
0.091,280
0.092,280
0.085,280
0.085,280
