0.063,280
0.086,280
0.067,280
0.067,280
0.073,280
0.086,280
0.071,280
0.071,280
0.069,280
0.077,280
0.07,280
0.07,280
0.088,280
0.075,280
0.067,280
0.088,280
0.067,280
0.085,280
0.069,280
0.069,280
0.069,280
0.069,280
0.084,280
0.07,280
0.068,280
0.069,280
0.074,280
0.078,280
0.072,280
0.076,280
0.068,280
0.074,280
0.069,280
0.078,280
0.071,280
0.067,280
0.077,280
0.079,280
0.069,280
0.089,280
0.069,280
0.067,280
0.073,280
0.072,280
0.071,280
0.076,280
0.068,280
0.068,280
0.073,280
0.068,280
0.075,280
0.07,280
0.077,280
0.068,280
0.087,280
0.072,280
0.073,280
0.068,280
0.074,280
0.072,280
0.094,280
0.073,280
0.078,280
0.068,280
0.08,280
0.07,280
0.072,280
0.074,280
0.085,280
0.068,280
0.068,280
0.071,280
0.085,280
0.067,280
0.066,280
0.07,280
0.073,280
0.079,280
0.077,280
0.073,280
0.069,280
0.073,280
0.071,280
0.079,280
0.071,280
0.07,280
0.079,280
0.072,280
0.074,280
0.078,280
0.082,280
0.073,280
0.071,280
0.079,280
0.106,280
0.107,280
0.067,280
0.072,280
0.071,280
0.071,280
0.082,280
0.073,280
0.064,280
0.084,280
0.075,280
0.085,280
0.072,280
0.076,280
0.07,280
0.081,280
0.072,280
0.089,280
0.073,280
0.081,280
0.082,280
0.08,280
0.077,280
0.101,280
0.073,280
0.077,280
0.086,280
0.073,280
0.069,280
0.083,280
0.133,280
0.078,280
0.087,280
0.082,280
0.08,280
0.073,280
0.073,280
0.073,280
0.069,280
0.072,280
0.073,280
0.092,280
0.069,280
0.072,280
0.085,280
0.074,280
0.083,280
0.07,280
0.076,280
0.072,280
0.071,280
0.079,280
0.075,280
0.074,280
0.069,280
0.089,280
0.073,280
0.07,280
0.07,280
0.075,280
0.085,280
0.072,280
0.072,280
0.067,280
0.071,280
0.074,280
0.085,280
0.072,280
0.075,280
0.067,280
0.069,280
0.08,280
0.075,280
0.077,280
0.075,280
0.071,280
0.073,280
0.072,280
0.076,280
0.077,280
0.073,280
0.076,280
0.07,280
0.073,280
0.073,280
0.073,280
0.081,280
0.079,280
0.066,280
0.074,280
0.073,280
0.073,280
0.074,280
0.072,280
0.075,280
0.073,280
0.08,280
0.074,280
0.081,280
0.073,280
0.073,280
0.073,280
0.081,280
0.077,280
0.072,280
0.08,280
0.072,280
0.085,280
0.081,280
0.068,280
0.075,280
0.075,280
0.07,280
0.071,280
0.078,280
0.113,280
0.072,280
0.073,280
0.116,280
0.073,280
0.071,280
0.077,280
0.084,280
0.128,280
0.075,280
0.08,280
0.071,280
0.076,280
0.077,280
0.073,280
0.073,280
0.075,280
0.073,280
0.076,280
0.084,280
0.071,280
0.101,280
0.07,280
0.074,280
0.072,280
0.106,280
0.09,280
0.073,280
0.107,280
0.083,280
0.155,280
0.074,280
0.09,280
0.074,280
0.093,280
0.081,280
0.068,280
0.094,280
0.086,280
0.079,280
0.077,280
0.069,280
0.09,280
0.083,280
0.085,280
0.077,280
0.086,280
0.075,280
0.078,280
0.08,280
0.073,280
0.073,280
0.069,280
0.089,280
0.073,280
0.09,280
0.075,280
0.076,280
0.091,280
0.07,280
0.074,280
0.081,280
0.075,280
0.092,280
0.074,280
0.072,280
0.085,280
0.068,280
0.075,280
0.074,280
0.082,280
0.153,280
0.076,280
0.08,280
0.075,280
0.077,280
0.127,280
0.073,280
0.087,280
0.084,280
0.087,280
0.098,280
0.077,280
0.082,280
0.098,280
0.082,280
0.079,280
0.081,280
0.097,280
0.076,280
0.086,280
0.073,280
0.078,280
0.075,280
0.075,280
0.081,280
0.107,280
0.075,280
0.073,280
0.077,280
0.099,280
0.076,280
0.078,280
0.076,280
0.082,280
0.078,280
0.09,280
0.077,280
0.081,280
0.073,280
0.092,280
0.078,280
0.07,280
0.072,280
0.074,280
0.077,280
0.072,280
0.077,280
0.075,280
0.073,280
0.081,280
0.073,280
0.106,280
0.082,280
0.082,280
0.078,280
0.074,280
0.082,280
0.076,280
0.075,280
0.093,280
0.077,280
0.076,280
0.077,280
0.074,280
0.072,280
0.088,280
0.077,280
0.087,280
0.083,280
0.089,280
0.071,280
0.088,280
0.088,280
0.08,280
0.074,280
0.076,280
0.09,280
0.077,280
0.077,280
0.075,280
0.077,280
0.08,280
0.07,280
0.077,280
0.083,280
0.075,280
0.073,280
0.075,280
0.093,280
0.073,280
0.071,280
0.076,280
0.078,280
0.093,280
0.071,280
0.074,280
0.072,280
0.07,280
0.126,280
0.091,280
0.091,280
0.083,280
0.074,280
0.081,280
0.077,280
0.073,280
0.093,280
0.073,280
0.104,280
0.078,280
0.085,280
0.085,280
0.067,280
0.075,280
0.075,280
0.1,280
0.074,280
0.075,280
0.078,280
0.122,280
0.074,280
0.073,280
0.078,280
0.077,280
0.08,280
0.076,280
0.09,280
0.073,280
0.09,280
0.075,280
0.09,280
0.075,280
0.076,280
0.107,280
0.094,280
0.075,280
0.076,280
0.076,280
0.085,280
0.081,280
0.072,280
0.081,280
0.073,280
0.077,280
0.074,280
0.087,280
0.072,280
0.078,280
0.077,280
0.075,280
0.08,280
0.07,280
0.075,280
0.076,280
0.083,280
0.076,280
0.075,280
0.085,280
0.074,280
0.072,280
0.075,280
0.079,280
0.083,280
0.078,280
0.079,280
0.076,280
0.085,280
0.081,280
0.073,280
0.082,280
0.087,280
0.076,280
0.077,280
0.082,280
0.077,280
0.093,280
0.081,280
0.077,280
0.076,280
0.079,280
0.086,280
0.078,280
0.076,280
0.087,280
0.079,280
0.075,280
0.086,280
0.074,280
0.089,280
0.075,280
0.075,280
0.076,280
0.075,280
0.076,280
0.09,280
0.099,280
0.075,280
0.08,280
0.075,280
0.098,280
0.074,280
0.078,280
0.075,280
0.094,280
0.077,280
0.075,280
0.074,280
0.077,280
0.093,280
0.072,280
0.077,280
0.075,280
0.079,280
0.086,280
0.079,280
0.074,280
0.077,280
0.075,280
0.076,280
0.067,280
0.077,280
0.078,280
0.081,280
0.074,280
0.088,280
0.375,280
0.076,280
0.083,280
0.078,280
0.087,280
0.082,280
0.077,280
0.078,280
0.086,280
0.083,280
0.073,280
0.091,280
0.074,280
0.076,280
0.081,280
0.076,280
0.145,280
0.079,280
0.079,280
0.074,280
0.074,280
0.073,280
0.075,280
0.073,280
0.081,280
0.074,280
0.074,280
0.101,280
0.073,280
0.078,280
0.076,280
0.073,280
0.078,280
0.082,280
0.1,280
0.076,280
0.091,280
0.079,280
0.083,280
0.076,280
0.091,280
0.073,280
0.076,280
0.079,280
0.073,280
0.086,280
0.075,280
0.076,280
0.072,280
0.08,280
0.085,280
0.078,280
0.078,280
0.085,280
0.075,280
0.079,280
0.081,280
0.079,280
0.074,280
0.074,280
0.085,280
0.076,280
0.086,280
0.09,280
0.077,280
0.082,280
0.074,280
0.077,280
0.076,280
0.076,280
0.081,280
0.072,280
0.085,280
0.082,280
0.087,280
0.075,280
0.092,280
0.076,280
0.072,280
0.076,280
0.085,280
0.081,280
0.084,280
0.082,280
0.085,280
0.084,280
0.076,280
0.08,280
0.069,280
0.078,280
0.079,280
0.076,280
0.074,280
0.073,280
0.075,280
0.089,280
0.094,280
0.092,280
0.091,280
0.077,280
0.073,280
0.076,280
0.089,280
0.077,280
0.073,280
0.075,280
0.07,280
0.074,280
0.076,280
0.082,280
0.092,280
0.085,280
0.082,280
0.132,280
0.136,280
0.079,280
0.082,280
0.085,280
0.079,280
0.102,280
0.075,280
0.074,280
0.077,280
0.07,280
0.1,280
0.086,280
0.126,280
0.078,280
0.077,280
0.078,280
0.075,280
0.077,280
0.073,280
0.093,280
0.073,280
0.075,280
0.076,280
0.075,280
0.077,280
0.09,280
0.075,280
0.078,280
0.11,280
0.081,280
0.092,280
0.078,280
0.084,280
0.079,280
0.085,280
0.097,280
0.084,280
0.075,280
0.075,280
0.075,280
0.076,280
0.076,280
0.097,280
0.085,280
0.085,280
0.081,280
0.076,280
0.076,280
0.089,280
0.075,280
0.078,280
0.074,280
0.084,280
0.082,280
0.099,280
0.074,280
0.08,280
0.078,280
0.073,280
0.077,280
0.082,280
0.078,280
0.078,280
0.086,280
0.094,280
0.074,280
0.077,280
0.093,280
0.077,280
0.077,280
0.079,280
0.068,280
0.084,280
0.074,280
0.089,280
0.087,280
0.079,280
0.078,280
0.081,280
0.083,280
0.085,280
0.075,280
0.069,280
0.102,280
0.075,280
0.076,280
0.087,280
0.078,280
0.073,280
0.079,280
0.069,280
0.081,280
0.077,280
0.083,280
0.079,280
0.095,280
0.074,280
0.077,280
0.076,280
0.079,280
0.095,280
0.076,280
0.077,280
0.088,280
0.1,280
0.08,280
0.08,280
0.076,280
0.094,280
0.078,280
0.074,280
0.075,280
0.076,280
0.076,280
0.097,280
0.079,280
0.078,280
0.071,280
0.078,280
0.093,280
0.117,280
0.076,280
0.086,280
0.08,280
0.076,280
0.084,280
0.1,280
0.075,280
0.079,280
0.076,280
0.083,280
0.078,280
0.088,280
0.076,280
0.08,280
0.082,280
0.078,280
0.088,280
0.088,280
0.08,280
0.076,280
0.097,280
0.09,280
0.083,280
0.081,280
0.076,280
0.077,280
0.099,280
0.076,280
0.096,280
0.083,280
0.081,280
0.079,280
0.085,280
0.079,280
0.076,280
0.086,280
0.078,280
0.071,280
0.078,280
0.074,280
0.075,280
0.077,280
0.071,280
0.099,280
0.077,280
0.076,280
0.076,280
0.075,280
0.087,280
0.08,280
0.078,280
0.078,280
0.096,280
0.079,280
0.077,280
0.077,280
0.085,280
0.077,280
0.074,280
0.083,280
0.082,280
0.078,280
0.085,280
0.077,280
0.085,280
0.088,280
0.087,280
0.077,280
0.088,280
0.124,280
0.075,280
0.079,280
0.088,280
0.076,280
0.084,280
0.077,280
0.085,280
0.078,280
0.071,280
0.076,280
0.081,280
0.082,280
0.08,280
0.077,280
0.076,280
0.075,280
0.133,280
0.077,280
0.075,280
0.094,280
0.082,280
0.076,280
0.098,280
0.078,280
0.077,280
0.08,280
0.078,280
0.078,280
0.088,280
0.079,280
0.08,280
0.083,280
0.087,280
0.097,280
0.078,280
0.086,280
0.075,280
0.101,280
0.114,280
0.076,280
0.087,280
0.082,280
0.077,280
0.075,280
0.079,280
0.089,280
0.097,280
0.097,280
0.083,280
0.081,280
0.084,280
0.096,280
0.073,280
0.078,280
0.077,280
0.077,280
0.079,280
0.095,280
0.086,280
0.085,280
0.08,280
0.077,280
0.089,280
0.079,280
0.079,280
0.079,280
0.08,280
0.079,280
0.076,280
0.082,280
0.076,280
0.071,280
0.082,280
0.075,280
0.078,280
0.091,280
0.079,280
0.089,280
0.088,280
0.078,280
0.085,280
0.075,280
0.09,280
0.075,280
0.079,280
0.34,280
0.091,280
0.078,280
0.078,280
0.076,280
0.094,280
0.067,280
0.076,280
0.081,280
0.07,280
0.093,280
0.071,280
0.076,280
0.078,280
0.09,280
0.07,280
0.08,280
0.087,280
0.076,280
0.08,280
0.076,280
0.074,280
0.074,280
0.082,280
0.079,280
0.074,280
0.086,280
0.082,280
0.083,280
0.077,280
0.082,280
0.075,280
0.078,280
0.081,280
0.089,280
0.076,280
0.08,280
0.077,280
0.088,280
0.075,280
0.075,280
0.082,280
0.069,280
0.069,280
0.082,280
0.097,280
0.07,280
0.085,280
0.081,280
0.076,280
0.071,280
0.069,280
0.077,280
0.076,280
0.09,280
0.077,280
0.076,280
0.076,280
0.072,280
0.08,280
0.086,280
0.077,280
0.075,280
0.07,280
0.075,280
0.076,280
0.08,280
0.078,280
0.079,280
0.074,280
0.087,280
0.081,280
0.081,280
0.078,280
0.076,280
0.075,280
0.077,280
0.077,280
0.078,280
0.095,280
0.076,280
0.076,280
0.092,280
0.15,280
0.078,280
0.084,280
0.089,280
0.079,280
0.078,280
0.076,280
0.083,280
0.074,280
0.083,280
0.079,280
0.07,280
0.078,280
0.076,280
0.077,280
0.084,280
0.072,280
0.087,280
0.078,280
0.074,280
0.08,280
0.071,280
0.074,280
0.092,280
0.077,280
0.08,280
0.08,280
0.097,280
0.088,280
0.095,280
0.08,280
0.079,280
0.079,280
0.074,280
0.081,280
0.093,280
0.086,280
0.081,280
0.074,280
0.079,280
0.079,280
0.077,280
0.077,280
0.075,280
0.071,280
0.082,280
0.082,280
0.087,280
0.091,280
0.078,280
0.075,280
0.074,280
0.077,280
0.111,280
0.091,280
0.087,280
0.077,280
0.085,280
0.076,280
0.076,280
0.088,280
0.079,280
0.115,280
0.077,280
0.078,280
0.088,280
0.078,280
0.094,280
0.119,280
0.083,280
0.075,280
0.077,280
0.113,280
0.078,280
0.074,280
0.108,280
0.077,280
0.107,280
0.085,280
0.079,280
0.08,280
0.074,280
0.08,280
0.079,280
0.077,280
0.095,280
0.077,280
0.079,280
0.097,280
0.081,280
0.075,280
0.09,280
0.075,280
0.091,280
0.082,280
0.081,280
0.078,280
0.084,280
0.075,280
0.088,280
0.093,280
0.087,280
0.082,280
0.076,280
0.1,280
0.091,280
0.076,280
0.079,280
0.072,280
0.076,280
0.08,280
0.078,280
0.078,280
0.076,280
0.078,280
0.081,280
0.129,280
0.074,280
0.133,280
0.076,280
0.091,280
0.095,280
0.076,280
0.073,280
0.078,280
0.098,280
0.08,280
0.076,280
0.085,280
0.078,280
0.077,280
0.094,280
0.077,280
0.079,280
0.075,280
0.085,280
0.075,280
0.078,280
0.088,280
0.078,280
0.076,280
0.078,280
0.115,280
0.086,280
0.085,280
0.08,280
0.077,280
0.092,280
0.081,280
0.078,280
0.094,280
0.084,280
0.075,280
0.093,280
0.075,280
0.081,280
0.077,280
0.082,280
0.084,280
0.076,280
0.072,280
0.078,280
0.082,280
0.076,280
0.077,280
0.073,280
0.095,280
0.071,280
0.076,280
0.079,280
0.091,280
0.085,280
0.078,280
0.073,280
0.074,280
0.093,280
0.081,280
0.081,280
0.08,280
0.077,280
0.076,280
0.078,280
0.078,280
0.081,280
0.09,280
0.075,280
0.08,280
0.079,280
0.086,280
0.088,280
0.077,280
0.08,280
0.075,280
0.078,280
0.076,280
0.08,280
0.087,280
0.09,280
0.092,280
0.08,280
0.082,280
0.097,280
0.088,280
0.089,280
0.07,280
0.118,280
0.091,280
0.071,280
0.104,280
0.114,280
0.078,280
0.081,280
0.079,280
0.089,280
0.078,280
0.079,280
0.08,280
0.087,280
0.083,280
0.079,280
0.1,280
0.077,280
0.08,280
0.079,280
0.076,280
0.077,280
0.078,280
0.081,280
0.079,280
0.092,280
0.103,280
0.091,280
0.072,280
0.077,280
0.077,280
0.076,280
0.084,280
0.087,280
0.076,280
0.08,280
0.087,280
0.081,280
0.078,280
0.082,280
0.075,280
0.093,280
0.124,280
0.08,280
0.092,280
0.102,280
0.076,280
0.08,280
0.093,280
0.076,280
0.079,280
0.084,280
0.126,280
0.088,280
0.083,280
0.074,280
0.078,280
0.076,280
0.084,280
0.088,280
0.115,280
0.078,280
0.078,280
0.09,280
0.075,280
0.077,280
0.078,280
0.12,280
0.088,280
0.098,280
0.083,280
0.088,280
0.081,280
0.077,280
0.081,280
0.084,280
0.079,280
0.094,280
0.086,280
0.088,280
0.086,280
0.088,280
0.076,280
0.078,280
0.082,280
0.072,280
0.081,280
0.096,280
0.077,280
0.078,280
0.08,280
0.08,280
0.079,280
0.076,280
0.08,280
0.075,280
0.106,280
0.092,280
0.08,280
0.076,280
0.072,280
0.093,280
0.102,280
0.077,280
0.117,280
0.08,280
0.075,280
0.083,280
0.082,280
0.37,280
0.087,280
0.096,280
0.082,280
0.097,280
0.088,280
0.085,280
0.08,280
0.076,280
0.077,280
0.078,280
0.083,280
0.076,280
0.075,280
0.088,280
0.086,280
0.078,280
0.084,280
0.097,280
0.076,280
0.079,280
0.076,280
0.09,280
0.081,280
0.121,280
0.167,280
0.096,280
0.081,280
0.092,280
0.078,280
0.077,280
0.104,280
0.09,280
0.076,280
0.088,280
0.077,280
0.09,280
0.089,280
0.076,280
0.085,280
0.082,280
0.091,280
0.08,280
0.073,280
0.077,280
0.079,280
0.087,280
0.075,280
0.08,280
0.079,280
0.08,280
0.078,280
0.075,280
0.078,280
0.097,280
0.089,280
0.085,280
0.095,280
0.087,280
0.083,280
0.076,280
0.074,280
0.096,280
0.072,280
0.076,280
0.079,280
0.077,280
0.088,280
0.118,280
0.084,280
0.076,280
0.082,280
0.079,280
0.075,280
0.078,280
0.087,280
0.081,280
0.078,280
0.081,280
0.079,280
0.08,280
0.079,280
0.089,280
0.08,280
0.076,280
0.079,280
0.073,280
0.097,280
0.112,280
0.095,280
0.081,280
0.078,280
0.082,280
0.098,280
0.074,280
0.074,280
0.09,280
0.072,280
0.089,280
0.096,280
0.088,280
0.079,280
0.077,280
0.079,280
0.094,280
0.076,280
0.08,280
0.088,280
0.092,280
0.105,280
0.087,280
0.093,280
0.076,280
0.085,280
0.076,280
0.086,280
0.078,280
0.089,280
0.081,280
0.081,280
0.079,280
0.093,280
0.076,280
0.074,280
0.095,280
0.079,280
0.081,280
0.1,280
0.096,280
0.096,280
0.098,280
0.08,280
0.082,280
0.084,280
0.084,280
0.092,280
0.075,280
0.088,280
0.086,280
0.083,280
0.081,280
0.074,280
0.085,280
0.088,280
0.112,280
0.103,280
0.078,280
0.078,280
0.086,280
0.137,280
0.083,280
0.08,280
0.082,280
0.077,280
0.129,280
0.096,280
0.078,280
0.077,280
0.106,280
0.081,280
0.095,280
0.077,280
0.075,280
0.083,280
0.078,280
0.097,280
0.078,280
0.086,280
0.104,280
0.086,280
0.101,280
0.087,280
0.076,280
0.083,280
0.08,280
0.076,280
0.092,280
0.073,280
0.076,280
0.08,280
0.073,280
0.077,280
0.079,280
0.079,280
0.093,280
0.079,280
0.077,280
0.084,280
0.094,280
0.08,280
0.084,280
0.079,280
0.396,280
0.08,280
0.08,280
0.089,280
0.078,280
0.078,280
0.079,280
0.081,280
0.111,280
0.083,280
0.082,280
0.078,280
0.081,280
0.076,280
0.078,280
0.08,280
0.077,280
0.077,280
0.08,280
0.082,280
0.086,280
0.078,280
0.079,280
0.085,280
0.076,280
0.08,280
0.088,280
0.076,280
0.093,280
0.095,280
0.081,280
0.074,280
0.081,280
0.076,280
0.1,280
0.079,280
0.086,280
0.081,280
0.084,280
0.079,280
0.075,280
0.088,280
0.08,280
0.101,280
0.113,280
0.081,280
0.098,280
0.076,280
0.083,280
0.075,280
0.096,280
0.079,280
0.074,280
0.085,280
0.082,280
0.083,280
0.075,280
0.086,280
0.081,280
0.077,280
0.087,280
0.087,280
0.086,280
0.098,280
0.102,280
0.095,280
0.08,280
0.093,280
0.079,280
0.08,280
0.08,280
0.084,280
0.124,280
0.088,280
0.078,280
0.076,280
0.099,280
0.097,280
0.101,280
0.08,280
0.094,280
0.098,280
0.082,280
0.078,280
0.083,280
0.085,280
0.087,280
0.084,280
0.078,280
0.077,280
0.077,280
0.087,280
0.099,280
0.079,280
0.076,280
0.079,280
0.08,280
0.086,280
0.075,280
0.078,280
0.082,280
0.083,280
0.08,280
0.087,280
0.078,280
0.099,280
0.075,280
0.117,280
0.078,280
0.088,280
0.078,280
0.081,280
0.08,280
0.168,280
0.088,280
0.079,280
0.075,280
0.076,280
0.101,280
0.088,280
0.082,280
0.085,280
0.081,280
0.074,280
0.083,280
0.077,280
0.076,280
0.082,280
0.074,280
0.084,280
0.078,280
0.079,280
0.076,280
0.085,280
0.093,280
0.078,280
0.078,280
0.074,280
0.074,280
0.097,280
0.08,280
0.084,280
0.076,280
0.096,280
0.075,280
0.094,280
0.093,280
0.073,280
0.093,280
0.079,280
0.077,280
0.077,280
0.095,280
0.099,280
0.078,280
0.09,280
0.078,280
0.078,280
0.099,280
0.087,280
0.087,280
0.078,280
0.082,280
0.13,280
0.101,280
0.077,280
0.077,280
0.08,280
0.078,280
0.077,280
0.079,280
0.075,280
0.081,280
0.091,280
0.08,280
0.079,280
0.078,280
0.096,280
0.083,280
0.079,280
0.081,280
0.081,280
0.08,280
0.081,280
0.092,280
0.08,280
0.079,280
0.11,280
0.137,280
0.09,280
0.084,280
0.089,280
0.098,280
0.078,280
0.083,280
0.097,280
0.08,280
0.08,280
0.086,280
0.101,280
0.078,280
0.1,280
0.093,280
0.086,280
0.077,280
0.078,280
0.081,280
0.1,280
0.081,280
0.078,280
0.111,280
0.079,280
0.077,280
0.077,280
0.111,280
0.077,280
0.076,280
0.074,280
0.072,280
0.071,280
0.098,280
0.086,280
0.09,280
0.119,280
0.085,280
0.08,280
0.079,280
0.079,280
0.078,280
0.092,280
0.075,280
0.095,280
0.079,280
0.077,280
0.083,280
0.082,280
0.078,280
0.079,280
0.132,280
0.08,280
0.08,280
0.091,280
0.082,280
0.081,280
0.081,280
0.08,280
0.078,280
0.092,280
0.081,280
0.083,280
0.095,280
0.088,280
0.089,280
0.09,280
0.082,280
0.079,280
0.08,280
0.112,280
0.077,280
0.077,280
0.122,280
0.079,280
0.088,280
0.075,280
0.092,280
0.084,280
0.082,280
0.084,280
0.083,280
0.085,280
0.088,280
0.09,280
0.08,280
0.095,280
0.073,280
0.079,280
0.089,280
0.085,280
0.08,280
0.078,280
0.085,280
0.09,280
0.074,280
0.077,280
0.078,280
0.09,280
0.076,280
0.088,280
0.081,280
0.078,280
0.09,280
0.079,280
0.111,280
0.091,280
0.078,280
0.078,280
0.08,280
0.121,280
0.1,280
0.076,280
0.078,280
0.08,280
0.08,280
0.079,280
0.074,280
0.079,280
0.089,280
0.083,280
0.116,280
0.087,280
0.074,280
0.079,280
0.076,280
0.079,280
0.08,280
0.073,280
0.081,280
0.078,280
0.083,280
0.091,280
0.08,280
0.081,280
0.08,280
0.079,280
0.076,280
0.081,280
0.077,280
0.081,280
0.088,280
0.093,280
0.087,280
0.123,280
0.077,280
0.091,280
0.074,280
0.079,280
0.075,280
0.089,280
0.084,280
0.096,280
0.099,280
0.087,280
0.082,280
0.08,280
0.08,280
0.092,280
0.081,280
0.086,280
0.084,280
0.095,280
0.119,280
0.094,280
0.092,280
0.078,280
0.081,280
0.078,280
0.081,280
0.145,280
0.08,280
0.074,280
0.101,280
0.089,280
0.083,280
0.077,280
0.08,280
0.077,280
0.078,280
0.082,280
0.078,280
0.101,280
0.081,280
0.09,280
0.086,280
0.088,280
0.08,280
0.097,280
0.099,280
0.081,280
0.099,280
0.075,280
0.106,280
0.083,280
0.081,280
0.08,280
0.095,280
0.142,280
0.078,280
0.079,280
0.092,280
0.081,280
0.078,280
0.082,280
0.097,280
0.088,280
0.093,280
0.082,280
0.095,280
0.093,280
0.096,280
0.079,280
0.093,280
0.082,280
0.105,280
0.088,280
0.081,280
0.077,280
0.091,280
0.084,280
0.079,280
0.083,280
0.094,280
0.085,280
0.119,280
0.081,280
0.084,280
0.088,280
0.081,280
0.082,280
0.077,280
0.079,280
0.085,280
0.079,280
0.08,280
0.074,280
0.077,280
0.092,280
0.078,280
0.08,280
0.077,280
0.086,280
0.095,280
0.084,280
0.087,280
0.078,280
0.079,280
0.082,280
0.074,280
0.083,280
0.08,280
0.08,280
0.086,280
0.078,280
0.081,280
0.085,280
0.102,280
0.08,280
0.085,280
0.115,280
0.079,280
0.079,280
0.103,280
0.078,280
0.114,280
0.1,280
0.082,280
0.08,280
0.087,280
0.09,280
0.1,280
0.081,280
0.081,280
0.081,280
0.081,280
0.082,280
0.079,280
0.078,280
0.082,280
0.09,280
0.17,280
0.095,280
0.082,280
0.083,280
0.08,280
0.106,280
0.079,280
0.099,280
0.08,280
0.077,280
0.081,280
0.08,280
0.094,280
0.077,280
0.077,280
0.078,280
0.083,280
0.08,280
0.092,280
0.09,280
0.09,280
0.08,280
0.08,280
0.08,280
0.088,280
0.108,280
0.081,280
0.121,280
0.095,280
0.073,280
0.087,280
0.08,280
0.084,280
0.095,280
0.087,280
0.079,280
0.074,280
0.086,280
0.137,280
0.095,280
0.079,280
0.077,280
0.084,280
0.105,280
0.08,280
0.086,280
0.08,280
0.082,280
0.075,280
0.079,280
0.101,280
0.079,280
0.089,280
0.076,280
0.077,280
0.077,280
0.088,280
0.084,280
0.077,280
0.079,280
0.08,280
0.084,280
0.085,280
0.075,280
0.099,280
0.092,280
0.096,280
0.125,280
0.078,280
0.074,280
0.074,280
0.087,280
0.076,280
0.088,280
0.079,280
0.08,280
0.086,280
0.08,280
0.078,280
0.083,280
0.08,280
0.079,280
0.079,280
0.122,280
0.082,280
0.079,280
0.077,280
0.082,280
0.11,280
0.082,280
0.083,280
0.085,280
0.076,280
0.079,280
0.088,280
0.082,280
0.078,280
0.08,280
0.098,280
0.085,280
0.08,280
0.079,280
0.075,280
0.078,280
0.076,280
0.106,280
0.082,280
0.079,280
0.11,280
0.092,280
0.076,280
0.091,280
0.076,280
0.079,280
0.082,280
0.093,280
0.085,280
0.082,280
0.078,280
0.07,280
0.077,280
0.077,280
0.08,280
0.078,280
0.076,280
0.078,280
0.079,280
0.163,280
0.083,280
0.147,280
0.091,280
0.076,280
0.077,280
0.08,280
0.077,280
0.086,280
0.081,280
0.074,280
0.076,280
0.099,280
0.098,280
0.076,280
0.1,280
0.09,280
0.077,280
0.083,280
0.08,280
0.081,280
0.086,280
0.091,280
0.096,280
0.075,280
0.083,280
0.088,280
0.082,280
0.075,280
0.084,280
0.078,280
0.082,280
0.079,280
0.099,280
0.078,280
0.079,280
0.084,280
0.078,280
0.079,280
0.078,280
0.078,280
0.095,280
0.089,280
0.083,280
0.079,280
0.076,280
0.08,280
0.086,280
0.086,280
0.081,280
0.112,280
0.086,280
0.085,280
0.108,280
0.103,280
0.074,280
0.082,280
0.078,280
0.094,280
0.08,280
0.078,280
0.086,280
0.093,280
0.08,280
0.09,280
0.087,280
0.08,280
0.081,280
0.076,280
0.08,280
0.083,280
0.075,280
0.075,280
0.079,280
0.076,280
0.091,280
0.102,280
0.081,280
0.087,280
0.079,280
0.078,280
0.097,280
0.078,280
0.09,280
0.087,280
0.081,280
0.078,280
0.086,280
0.078,280
0.089,280
0.082,280
0.111,280
0.079,280
0.091,280
0.078,280
0.084,280
0.082,280
0.078,280
0.102,280
0.076,280
0.084,280
0.09,280
0.076,280
0.082,280
0.079,280
0.074,280
0.074,280
0.077,280
0.087,280
0.083,280
0.08,280
0.091,280
0.078,280
0.097,280
0.084,280
0.079,280
0.077,280
0.094,280
0.08,280
0.08,280
0.086,280
0.131,280
0.078,280
0.085,280
0.089,280
0.081,280
0.084,280
0.079,280
0.1,280
0.074,280
0.074,280
0.12,280
0.081,280
0.077,280
0.077,280
0.076,280
0.08,280
0.09,280
0.08,280
0.084,280
0.123,280
0.093,280
0.119,280
0.08,280
0.089,280
0.093,280
0.081,280
0.077,280
0.082,280
0.081,280
0.077,280
0.083,280
0.08,280
0.077,280
0.079,280
0.081,280
0.098,280
0.076,280
0.077,280
0.08,280
0.079,280
0.081,280
0.091,280
0.089,280
0.097,280
0.077,280
0.079,280
0.077,280
0.078,280
0.079,280
0.073,280
0.094,280
0.107,280
0.081,280
0.094,280
0.076,280
0.074,280
0.082,280
0.09,280
0.1,280
0.086,280
0.09,280
0.082,280
0.103,280
0.086,280
0.079,280
0.078,280
0.082,280
0.094,280
0.121,280
0.083,280
0.088,280
0.075,280
0.077,280
0.076,280
0.08,280
0.088,280
0.077,280
0.086,280
0.076,280
0.089,280
0.077,280
0.082,280
0.082,280
0.088,280
0.08,280
0.075,280
0.095,280
0.095,280
0.079,280
0.078,280
0.077,280
0.088,280
0.084,280
0.098,280
0.085,280
0.087,280
0.077,280
0.081,280
0.082,280
0.072,280
0.082,280
0.097,280
0.084,280
0.081,280
0.092,280
0.079,280
0.085,280
0.086,280
0.088,280
0.105,280
0.08,280
0.082,280
0.08,280
0.08,280
0.08,280
0.082,280
0.093,280
0.081,280
0.096,280
0.083,280
0.084,280
0.075,280
0.091,280
0.083,280
0.093,280
0.083,280
0.132,280
0.095,280
0.077,280
0.125,280
0.078,280
0.091,280
0.082,280
0.094,280
0.079,280
0.077,280
0.09,280
0.076,280
0.079,280
0.08,280
0.079,280
0.082,280
0.078,280
0.079,280
0.086,280
0.112,280
0.081,280
0.075,280
0.08,280
0.077,280
0.079,280
0.083,280
0.091,280
0.082,280
0.097,280
0.08,280
0.077,280
0.074,280
0.124,280
0.077,280
0.072,280
0.081,280
0.092,280
0.076,280
0.129,280
0.118,280
0.088,280
0.08,280
0.082,280
0.097,280
0.08,280
0.133,280
0.084,280
0.087,280
0.085,280
0.078,280
0.093,280
0.082,280
0.104,280
0.08,280
0.079,280
0.08,280
0.08,280
0.079,280
0.081,280
0.08,280
0.077,280
0.082,280
0.085,280
0.076,280
0.08,280
0.083,280
0.088,280
0.084,280
0.079,280
0.083,280
0.079,280
0.081,280
0.135,280
0.111,280
0.077,280
0.083,280
0.127,280
0.079,280
0.09,280
0.098,280
0.079,280
0.082,280
0.073,280
0.074,280
0.08,280
0.085,280
0.09,280
0.095,280
0.078,280
0.091,280
0.099,280
0.08,280
0.079,280
0.09,280
0.093,280
0.082,280
0.098,280
0.107,280
0.094,280
0.095,280
0.084,280
0.083,280
0.131,280
0.094,280
0.086,280
0.077,280
0.085,280
0.083,280
0.078,280
0.15,280
0.079,280
0.084,280
0.081,280
0.081,280
0.087,280
0.093,280
0.079,280
0.083,280
0.082,280
0.098,280
0.074,280
0.092,280
0.08,280
0.082,280
0.089,280
0.079,280
0.083,280
0.079,280
0.079,280
0.078,280
0.099,280
0.078,280
0.112,280
0.079,280
0.084,280
0.08,280
0.084,280
0.081,280
0.081,280
0.078,280
0.186,280
0.078,280
0.082,280
0.078,280
0.092,280
0.079,280
0.085,280
0.075,280
0.078,280
0.081,280
0.078,280
0.1,280
0.077,280
0.08,280
0.078,280
0.086,280
0.078,280
0.077,280
0.08,280
0.078,280
0.092,280
0.087,280
0.079,280
0.08,280
0.078,280
0.081,280
0.077,280
0.077,280
0.085,280
0.103,280
0.102,280
0.079,280
0.093,280
0.086,280
0.082,280
0.091,280
0.086,280
0.079,280
0.082,280
0.077,280
0.107,280
0.103,280
0.089,280
0.083,280
0.078,280
0.092,280
0.08,280
0.08,280
0.079,280
0.079,280
0.077,280
0.08,280
0.081,280
0.092,280
0.085,280
0.079,280
0.075,280
0.087,280
0.1,280
0.097,280
0.085,280
0.077,280
0.082,280
0.082,280
0.097,280
0.08,280
0.101,280
0.086,280
0.081,280
0.08,280
0.085,280
0.088,280
0.106,280
0.081,280
0.077,280
0.079,280
0.083,280
0.076,280
0.076,280
0.081,280
0.091,280
0.08,280
0.078,280
0.079,280
0.09,280
0.078,280
0.081,280
0.094,280
0.079,280
0.081,280
0.09,280
0.102,280
0.081,280
0.093,280
0.08,280
0.081,280
0.098,280
0.09,280
0.083,280
0.078,280
0.083,280
0.1,280
0.084,280
0.078,280
0.104,280
0.076,280
0.084,280
0.078,280
0.088,280
0.097,280
0.087,280
0.09,280
0.081,280
0.079,280
0.089,280
0.078,280
0.079,280
0.078,280
0.097,280
0.08,280
0.093,280
0.076,280
0.081,280
0.076,280
0.088,280
0.08,280
0.082,280
0.087,280
0.12,280
0.082,280
0.077,280
0.076,280
0.073,280
0.081,280
0.075,280
0.107,280
0.08,280
0.095,280
0.082,280
0.099,280
0.095,280
0.078,280
0.083,280
0.092,280
0.101,280
0.082,280
0.076,280
0.074,280
0.077,280
0.089,280
0.087,280
0.077,280
0.084,280
0.087,280
0.085,280
0.173,280
0.098,280
0.087,280
0.08,280
0.097,280
0.089,280
0.084,280
0.096,280
0.111,280
0.081,280
0.078,280
0.092,280
0.078,280
0.08,280
0.087,280
0.079,280
0.083,280
0.074,280
0.077,280
0.08,280
0.082,280
0.084,280
0.08,280
0.08,280
0.081,280
0.1,280
0.083,280
0.077,280
0.088,280
0.132,280
0.08,280
0.078,280
0.08,280
0.074,280
0.085,280
0.099,280
0.08,280
0.087,280
0.111,280
0.08,280
0.082,280
0.077,280
0.079,280
0.082,280
0.076,280
0.087,280
0.082,280
0.105,280
0.079,280
0.088,280
0.092,280
0.082,280
0.087,280
0.103,280
0.084,280
0.085,280
0.08,280
0.083,280
0.098,280
0.072,280
0.078,280
0.08,280
0.122,280
0.079,280
0.078,280
0.079,280
0.082,280
0.078,280
0.076,280
0.081,280
0.078,280
0.091,280
0.08,280
0.078,280
0.08,280
0.089,280
0.078,280
0.081,280
0.45,280
0.082,280
0.087,280
0.085,280
0.08,280
0.075,280
0.084,280
0.083,280
0.075,280
0.073,280
0.103,280
0.078,280
0.091,280
0.086,280
0.075,280
0.086,280
0.091,280
0.076,280
0.101,280
0.112,280
0.082,280
0.093,280
0.079,280
0.077,280
0.083,280
0.08,280
0.078,280
0.083,280
0.095,280
0.077,280
0.079,280
0.092,280
0.085,280
0.09,280
0.101,280
0.09,280
0.076,280
0.079,280
0.091,280
0.077,280
0.092,280
0.085,280
0.082,280
0.079,280
0.077,280
0.078,280
0.09,280
0.081,280
0.075,280
0.078,280
0.078,280
0.078,280
0.078,280
0.079,280
0.084,280
0.077,280
0.085,280
0.086,280
0.076,280
0.092,280
0.086,280
0.081,280
0.08,280
0.097,280
0.075,280
0.079,280
0.078,280
0.094,280
0.081,280
0.089,280
0.092,280
0.077,280
0.076,280
0.08,280
0.079,280
0.087,280
0.079,280
0.106,280
0.097,280
0.085,280
0.085,280
0.078,280
0.079,280
0.081,280
0.095,280
0.084,280
0.075,280
0.134,280
0.081,280
0.083,280
0.09,280
0.082,280
0.077,280
0.096,280
0.088,280
0.076,280
0.079,280
0.099,280
0.082,280
0.093,280
0.098,280
0.078,280
0.085,280
0.09,280
0.083,280
0.087,280
0.08,280
0.089,280
0.089,280
0.073,280
0.081,280
0.085,280
0.081,280
0.095,280
0.081,280
0.083,280
0.085,280
0.084,280
0.093,280
0.095,280
0.09,280
0.081,280
0.087,280
0.083,280
0.094,280
0.079,280
0.092,280
0.086,280
0.087,280
0.073,280
0.097,280
0.077,280
0.088,280
0.094,280
0.093,280
0.078,280
0.08,280
0.08,280
0.075,280
0.076,280
0.077,280
0.084,280
0.103,280
0.1,280
0.084,280
0.082,280
0.092,280
0.093,280
0.096,280
0.082,280
0.09,280
0.084,280
0.083,280
0.089,280
0.096,280
0.096,280
0.079,280
0.077,280
0.092,280
0.081,280
0.076,280
0.079,280
0.082,280
0.088,280
0.105,280
0.075,280
0.079,280
0.079,280
0.081,280
0.077,280
0.08,280
0.085,280
0.084,280
0.089,280
0.08,280
0.083,280
0.084,280
0.096,280
0.079,280
0.092,280
0.081,280
0.085,280
0.091,280
0.077,280
0.083,280
0.097,280
0.137,280
0.08,280
0.079,280
0.081,280
0.085,280
0.081,280
0.085,280
0.077,280
0.079,280
0.081,280
0.077,280
0.087,280
0.087,280
0.096,280
0.101,280
0.08,280
0.089,280
0.079,280
0.086,280
0.079,280
0.08,280
0.083,280
0.078,280
0.079,280
0.083,280
0.074,280
0.098,280
0.092,280
0.083,280
0.082,280
0.076,280
0.079,280
0.086,280
0.077,280
0.082,280
0.087,280
0.073,280
0.079,280
0.089,280
0.094,280
0.091,280
0.079,280
0.114,280
0.078,280
0.09,280
0.083,280
0.086,280
0.076,280
0.073,280
0.091,280
0.081,280
0.09,280
0.089,280
0.08,280
0.079,280
0.087,280
0.08,280
0.082,280
0.088,280
0.083,280
0.1,280
0.097,280
0.073,280
0.088,280
0.086,280
0.095,280
0.076,280
0.078,280
0.08,280
0.077,280
0.09,280
0.078,280
0.086,280
0.087,280
0.072,280
0.089,280
0.09,280
0.096,280
0.086,280
0.08,280
0.078,280
0.088,280
0.077,280
0.097,280
0.086,280
0.078,280
0.089,280
0.091,280
0.091,280
0.073,280
0.092,280
0.081,280
0.079,280
0.077,280
0.077,280
0.094,280
0.079,280
0.072,280
0.074,280
0.095,280
0.101,280
0.088,280
0.086,280
0.088,280
0.086,280
0.101,280
0.077,280
0.081,280
0.098,280
0.08,280
0.088,280
0.082,280
0.078,280
0.08,280
0.078,280
0.09,280
0.08,280
0.082,280
0.085,280
0.089,280
0.083,280
0.087,280
0.081,280
0.08,280
0.076,280
0.084,280
0.083,280
0.078,280
0.092,280
0.076,280
0.09,280
0.079,280
0.083,280
0.082,280
0.094,280
0.074,280
0.072,280
0.087,280
0.082,280
0.082,280
0.079,280
0.103,280
0.096,280
0.101,280
0.078,280
0.092,280
0.078,280
0.096,280
0.091,280
0.089,280
0.083,280
0.081,280
0.084,280
0.116,280
0.157,280
0.084,280
0.092,280
0.076,280
0.093,280
0.083,280
0.097,280
0.08,280
0.078,280
0.08,280
0.078,280
0.081,280
0.086,280
0.09,280
0.077,280
0.079,280
0.088,280
0.092,280
0.085,280
0.074,280
0.074,280
0.093,280
0.081,280
0.078,280
0.077,280
0.08,280
0.081,280
0.089,280
0.083,280
0.08,280
0.078,280
0.102,280
0.098,280
0.072,280
0.096,280
0.085,280
0.086,280
0.169,280
0.075,280
0.08,280
0.075,280
0.085,280
0.09,280
0.082,280
0.087,280
0.087,280
0.075,280
0.092,280
0.083,280
0.093,280
0.09,280
0.092,280
0.079,280
0.103,280
0.09,280
0.096,280
0.078,280
0.087,280
0.082,280
0.091,280
0.079,280
0.121,280
0.078,280
0.08,280
0.084,280
0.081,280
0.075,280
0.119,280
0.084,280
0.102,280
0.081,280
0.099,280
0.113,280
0.085,280
0.087,280
0.08,280
0.084,280
0.08,280
0.081,280
0.091,280
0.08,280
0.077,280
0.078,280
0.078,280
0.08,280
0.082,280
0.084,280
0.077,280
0.086,280
0.094,280
0.093,280
0.082,280
0.081,280
0.089,280
0.092,280
0.103,280
0.077,280
0.078,280
0.09,280
0.087,280
0.083,280
0.089,280
0.09,280
0.079,280
0.102,280
0.096,280
0.078,280
0.081,280
0.089,280
0.085,280
0.082,280
0.086,280
0.078,280
0.077,280
0.088,280
0.089,280
0.085,280
0.08,280
0.091,280
0.081,280
0.082,280
0.089,280
0.094,280
0.078,280
0.088,280
0.075,280
0.077,280
0.08,280
0.08,280
0.079,280
0.077,280
0.098,280
0.076,280
0.079,280
0.08,280
0.09,280
0.082,280
0.077,280
0.077,280
0.091,280
0.08,280
0.082,280
0.153,280
0.082,280
0.091,280
0.077,280
0.082,280
0.084,280
0.106,280
0.097,280
0.079,280
0.091,280
0.085,280
0.077,280
0.081,280
0.103,280
0.097,280
0.076,280
0.085,280
0.085,280
0.082,280
0.093,280
0.081,280
0.084,280
0.088,280
0.123,280
0.093,280
0.08,280
0.118,280
0.085,280
0.079,280
0.121,280
0.089,280
0.089,280
0.08,280
0.089,280
0.159,280
0.076,280
0.081,280
0.088,280
0.122,280
0.079,280
0.101,280
0.094,280
0.096,280
0.08,280
0.082,280
0.078,280
0.133,280
0.082,280
0.095,280
0.078,280
0.082,280
0.085,280
0.079,280
0.083,280
0.08,280
0.082,280
0.076,280
0.091,280
0.083,280
0.086,280
0.139,280
0.074,280
0.081,280
0.077,280
0.08,280
0.08,280
0.081,280
0.079,280
0.086,280
0.084,280
0.08,280
0.08,280
0.094,280
0.087,280
0.078,280
0.083,280
0.085,280
0.093,280
0.083,280
0.095,280
0.091,280
0.093,280
0.078,280
0.083,280
0.101,280
0.085,280
0.077,280
0.08,280
0.08,280
0.081,280
0.094,280
0.084,280
0.086,280
0.101,280
0.09,280
0.125,280
0.084,280
0.079,280
0.083,280
0.082,280
0.074,280
0.082,280
0.081,280
0.077,280
0.085,280
0.081,280
0.084,280
0.081,280
0.08,280
0.093,280
0.092,280
0.075,280
0.079,280
0.083,280
0.079,280
0.104,280
0.086,280
0.078,280
0.078,280
0.106,280
0.099,280
0.08,280
0.078,280
0.081,280
0.093,280
0.092,280
0.112,280
0.077,280
0.086,280
0.08,280
0.092,280
0.076,280
0.078,280
0.081,280
0.133,280
0.091,280
0.082,280
0.079,280
0.078,280
0.084,280
0.091,280
0.073,280
0.089,280
0.143,280
0.076,280
0.095,280
0.089,280
0.082,280
0.098,280
0.076,280
0.078,280
0.084,280
0.077,280
0.083,280
0.091,280
0.079,280
0.078,280
0.087,280
0.077,280
0.082,280
0.079,280
0.09,280
0.078,280
0.084,280
0.08,280
0.077,280
0.088,280
0.078,280
0.086,280
0.08,280
0.093,280
0.079,280
0.082,280
0.077,280
0.092,280
0.082,280
0.076,280
0.076,280
0.083,280
0.079,280
0.094,280
0.083,280
0.086,280
0.089,280
0.095,280
0.078,280
0.103,280
0.082,280
0.082,280
0.078,280
0.119,280
0.078,280
0.078,280
0.088,280
0.078,280
0.095,280
0.124,280
0.085,280
0.082,280
0.082,280
0.076,280
0.08,280
0.097,280
0.081,280
0.086,280
0.076,280
0.085,280
0.085,280
0.107,280
0.088,280
0.082,280
0.084,280
0.084,280
0.102,280
0.097,280
0.078,280
0.09,280
0.081,280
0.084,280
0.082,280
0.081,280
0.081,280
0.084,280
0.091,280
0.08,280
0.08,280
0.104,280
0.096,280
0.081,280
0.082,280
0.076,280
0.087,280
0.082,280
0.097,280
0.092,280
0.083,280
0.076,280
0.087,280
0.089,280
0.078,280
0.086,280
0.081,280
0.083,280
0.1,280
0.079,280
0.089,280
0.083,280
0.079,280
0.082,280
0.086,280
0.076,280
0.085,280
0.09,280
0.081,280
0.088,280
0.079,280
0.08,280
0.096,280
0.132,280
0.088,280
0.079,280
0.099,280
0.107,280
0.078,280
0.083,280
0.078,280
0.08,280
0.091,280
0.078,280
0.091,280
0.089,280
0.103,280
0.089,280
0.089,280
0.079,280
0.082,280
0.077,280
0.091,280
0.085,280
0.078,280
0.081,280
0.09,280
0.081,280
0.094,280
0.094,280
0.086,280
0.097,280
0.077,280
0.092,280
0.084,280
0.084,280
0.096,280
0.104,280
0.077,280
0.081,280
0.094,280
0.08,280
0.103,280
0.089,280
0.077,280
0.081,280
0.077,280
0.088,280
0.08,280
0.08,280
0.077,280
0.078,280
0.097,280
0.078,280
0.081,280
0.08,280
0.082,280
0.071,280
0.076,280
0.12,280
0.089,280
0.096,280
0.117,280
0.08,280
0.091,280
0.084,280
0.086,280
0.091,280
0.092,280
0.082,280
0.091,280
0.085,280
0.082,280
0.082,280
0.097,280
0.083,280
0.085,280
0.089,280
0.079,280
0.091,280
0.075,280
0.088,280
0.076,280
0.08,280
0.077,280
0.08,280
0.08,280
0.085,280
0.079,280
0.089,280
0.092,280
0.08,280
0.083,280
0.087,280
0.095,280
0.082,280
0.116,280
0.097,280
0.081,280
0.09,280
0.077,280
0.08,280
0.078,280
0.081,280
0.081,280
0.084,280
0.092,280
0.082,280
0.091,280
0.091,280
0.091,280
0.093,280
0.085,280
0.086,280
0.077,280
0.093,280
0.1,280
0.096,280
0.1,280
0.08,280
0.082,280
0.124,280
0.084,280
0.088,280
0.108,280
0.091,280
0.108,280
0.081,280
0.089,280
0.079,280
0.089,280
0.079,280
0.08,280
0.086,280
0.073,280
0.079,280
0.093,280
0.081,280
0.084,280
0.086,280
0.079,280
0.081,280
0.081,280
0.096,280
0.078,280
0.1,280
0.099,280
0.082,280
0.081,280
0.08,280
0.081,280
0.09,280
0.089,280
0.077,280
0.095,280
0.086,280
0.094,280
0.177,280
0.079,280
0.078,280
0.083,280
0.081,280
0.095,280
0.09,280
0.103,280
0.083,280
0.098,280
0.088,280
0.085,280
0.092,280
0.078,280
0.079,280
0.083,280
0.078,280
0.121,280
0.081,280
0.082,280
0.09,280
0.082,280
0.088,280
0.086,280
0.082,280
0.08,280
0.082,280
0.09,280
0.114,280
0.082,280
0.083,280
0.079,280
0.091,280
0.097,280
0.089,280
0.097,280
0.103,280
0.085,280
0.085,280
0.084,280
0.084,280
0.082,280
0.077,280
0.089,280
0.093,280
0.073,280
0.087,280
0.102,280
0.089,280
0.127,280
0.082,280
0.076,280
0.152,280
0.079,280
0.1,280
0.079,280
0.084,280
0.086,280
0.1,280
0.095,280
0.076,280
0.082,280
0.087,280
0.083,280
0.084,280
0.076,280
0.088,280
0.076,280
0.082,280
0.083,280
0.082,280
0.085,280
0.094,280
0.079,280
0.08,280
0.087,280
0.087,280
0.08,280
0.078,280
0.079,280
0.09,280
0.106,280
0.077,280
0.083,280
0.081,280
0.08,280
0.079,280
0.096,280
0.08,280
0.081,280
0.08,280
0.08,280
0.074,280
0.088,280
0.076,280
0.086,280
0.099,280
0.082,280
0.076,280
0.085,280
0.098,280
0.091,280
0.078,280
0.08,280
0.097,280
0.119,280
0.085,280
0.081,280
0.1,280
0.083,280
0.08,280
0.082,280
0.081,280
0.122,280
0.099,280
0.078,280
0.083,280
0.085,280
0.102,280
0.081,280
0.089,280
0.078,280
0.096,280
0.076,280
0.079,280
0.088,280
0.083,280
0.081,280
0.097,280
0.12,280
0.083,280
0.084,280
0.089,280
0.081,280
0.089,280
0.094,280
0.091,280
0.082,280
0.083,280
0.101,280
0.086,280
0.088,280
0.088,280
0.084,280
0.083,280
0.086,280
0.087,280
0.075,280
0.079,280
0.094,280
0.133,280
0.08,280
0.082,280
0.08,280
0.081,280
0.076,280
0.078,280
0.082,280
0.085,280
0.078,280
0.075,280
0.083,280
0.084,280
0.102,280
0.089,280
0.089,280
0.082,280
0.106,280
0.098,280
0.079,280
0.079,280
0.098,280
0.109,280
0.078,280
0.084,280
0.078,280
0.088,280
0.086,280
0.077,280
0.076,280
0.083,280
0.082,280
0.08,280
0.076,280
0.081,280
0.079,280
0.078,280
0.081,280
0.084,280
0.082,280
0.096,280
0.082,280
0.116,280
0.082,280
0.078,280
0.092,280
0.08,280
0.087,280
0.084,280
0.077,280
0.092,280
0.101,280
0.081,280
0.08,280
0.107,280
0.084,280
0.082,280
0.086,280
0.08,280
0.084,280
0.075,280
0.075,280
0.097,280
0.081,280
0.082,280
0.087,280
0.095,280
0.082,280
0.079,280
0.076,280
0.125,280
0.112,280
0.09,280
0.086,280
0.08,280
0.093,280
0.086,280
0.086,280
0.076,280
0.085,280
0.129,280
0.079,280
0.078,280
0.105,280
0.08,280
0.08,280
0.098,280
0.079,280
0.099,280
0.083,280
0.082,280
0.095,280
0.104,280
0.081,280
0.086,280
0.088,280
0.081,280
0.101,280
0.097,280
0.085,280
0.095,280
0.081,280
0.081,280
0.086,280
0.076,280
0.086,280
0.078,280
0.079,280
0.086,280
0.085,280
0.081,280
0.088,280
0.086,280
0.148,280
0.123,280
0.129,280
0.092,280
0.091,280
0.085,280
0.085,280
0.105,280
0.085,280
0.081,280
0.085,280
0.084,280
0.077,280
0.078,280
0.099,280
0.095,280
0.079,280
0.095,280
0.077,280
0.082,280
0.077,280
0.081,280
0.082,280
0.077,280
0.093,280
0.079,280
0.082,280
0.089,280
0.08,280
0.081,280
0.094,280
0.073,280
0.085,280
0.083,280
0.095,280
0.088,280
0.075,280
0.085,280
0.079,280
0.123,280
0.122,280
0.083,280
0.073,280
0.082,280
0.075,280
0.089,280
0.088,280
0.078,280
0.082,280
0.077,280
0.154,280
0.092,280
0.085,280
0.083,280
0.085,280
0.076,280
0.081,280
0.085,280
0.079,280
0.09,280
0.069,280
0.078,280
0.11,280
0.078,280
0.083,280
0.086,280
0.095,280
0.1,280
0.088,280
0.086,280
0.095,280
0.076,280
0.081,280
0.097,280
0.083,280
0.081,280
0.112,280
0.077,280
0.126,280
0.079,280
0.104,280
0.085,280
0.069,280
0.24,280
0.137,280
0.091,280
0.08,280
0.078,280
0.082,280
0.094,280
0.09,280
0.092,280
0.08,280
0.098,280
0.08,280
0.088,280
0.079,280
0.101,280
0.102,280
0.085,280
0.08,280
0.074,280
0.081,280
0.073,280
0.086,280
0.08,280
0.089,280
0.095,280
0.078,280
0.091,280
0.078,280
0.082,280
0.078,280
0.092,280
0.078,280
0.09,280
0.082,280
0.137,280
0.08,280
0.079,280
0.084,280
0.082,280
0.081,280
0.084,280
0.084,280
0.086,280
0.095,280
0.083,280
0.083,280
0.08,280
0.093,280
0.078,280
0.076,280
0.088,280
0.078,280
0.092,280
0.084,280
0.083,280
0.078,280
0.087,280
0.077,280
0.093,280
0.081,280
0.076,280
0.111,280
0.078,280
0.081,280
0.094,280
0.076,280
0.086,280
0.083,280
0.078,280
0.078,280
0.078,280
0.098,280
0.08,280
0.078,280
0.141,280
0.073,280
0.077,280
0.08,280
0.078,280
0.102,280
0.088,280
0.102,280
0.076,280
0.096,280
0.077,280
0.083,280
0.095,280
0.08,280
0.105,280
0.08,280
0.082,280
0.092,280
0.099,280
0.119,280
0.078,280
0.103,280
0.095,280
0.076,280
0.094,280
0.076,280
0.081,280
0.087,280
0.076,280
0.08,280
0.087,280
0.078,280
0.084,280
0.086,280
0.088,280
0.078,280
0.092,280
0.082,280
0.082,280
0.088,280
0.087,280
0.084,280
0.079,280
0.079,280
0.074,280
0.079,280
0.087,280
0.078,280
0.091,280
0.077,280
0.083,280
0.086,280
0.098,280
0.1,280
0.088,280
0.092,280
0.08,280
0.08,280
0.092,280
0.101,280
0.075,280
0.088,280
0.081,280
0.092,280
0.115,280
0.079,280
0.082,280
0.076,280
0.078,280
0.097,280
0.08,280
0.099,280
0.082,280
0.078,280
0.072,280
0.08,280
0.08,280
0.095,280
0.081,280
0.083,280
0.089,280
0.079,280
0.085,280
0.075,280
0.084,280
0.088,280
0.078,280
0.083,280
0.084,280
0.077,280
0.077,280
0.096,280
0.096,280
0.08,280
0.096,280
0.082,280
0.081,280
0.086,280
0.095,280
0.08,280
0.077,280
0.079,280
0.097,280
0.078,280
0.079,280
0.081,280
0.081,280
0.08,280
0.077,280
0.081,280
0.08,280
0.076,280
0.088,280
0.078,280
0.103,280
0.08,280
0.08,280
0.081,280
0.076,280
0.088,280
0.078,280
0.087,280
0.079,280
0.092,280
0.078,280
0.083,280
0.08,280
0.088,280
0.09,280
0.082,280
0.084,280
0.088,280
0.091,280
0.081,280
0.078,280
0.088,280
0.078,280
0.084,280
0.101,280
0.083,280
0.085,280
0.081,280
0.076,280
0.082,280
0.077,280
0.099,280
0.097,280
0.077,280
0.085,280
0.093,280
0.088,280
0.078,280
0.092,280
0.093,280
0.087,280
0.08,280
0.089,280
0.1,280
0.08,280
0.107,280
0.078,280
0.082,280
0.082,280
0.083,280
0.078,280
0.093,280
0.078,280
0.09,280
0.085,280
0.095,280
0.079,280
0.088,280
0.076,280
0.089,280
0.079,280
0.097,280
0.083,280
0.081,280
0.084,280
0.088,280
0.081,280
0.08,280
0.079,280
0.102,280
0.082,280
0.077,280
0.081,280
0.153,280
0.085,280
0.077,280
0.077,280
0.087,280
0.084,280
0.091,280
0.085,280
0.102,280
0.079,280
0.103,280
0.1,280
0.091,280
0.101,280
0.089,280
0.079,280
0.079,280
0.074,280
0.085,280
0.081,280
0.081,280
0.085,280
0.103,280
0.12,280
0.072,280
0.078,280
0.087,280
0.089,280
0.079,280
0.078,280
0.073,280
0.143,280
0.083,280
0.107,280
0.099,280
0.081,280
0.086,280
0.079,280
0.083,280
0.082,280
0.098,280
0.104,280
0.081,280
0.082,280
0.083,280
0.074,280
0.347,280
0.089,280
0.079,280
0.087,280
0.077,280
0.093,280
0.079,280
0.083,280
0.074,280
0.094,280
0.087,280
0.086,280
0.084,280
0.081,280
0.098,280
0.089,280
0.077,280
0.084,280
0.092,280
0.073,280
0.078,280
0.084,280
0.108,280
0.078,280
0.084,280
0.101,280
0.111,280
0.087,280
0.081,280
0.079,280
0.08,280
0.129,280
0.08,280
0.08,280
0.102,280
0.078,280
0.083,280
0.095,280
0.08,280
0.083,280
0.101,280
0.089,280
0.096,280
0.084,280
0.078,280
0.078,280
0.084,280
0.076,280
0.086,280
0.079,280
0.094,280
0.088,280
0.078,280
0.078,280
0.086,280
0.079,280
0.087,280
0.082,280
0.082,280
0.08,280
0.077,280
0.088,280
0.091,280
0.085,280
0.08,280
0.081,280
0.077,280
0.084,280
0.08,280
0.078,280
0.097,280
0.082,280
0.077,280
0.081,280
0.094,280
0.082,280
0.081,280
0.082,280
0.078,280
0.082,280
0.091,280
0.086,280
0.078,280
0.115,280
0.08,280
0.087,280
0.087,280
0.087,280
0.08,280
0.099,280
0.08,280
0.079,280
0.093,280
0.099,280
0.097,280
0.091,280
0.079,280
0.089,280
0.096,280
0.083,280
0.126,280
0.083,280
0.083,280
0.077,280
0.133,280
0.083,280
0.098,280
0.11,280
0.08,280
0.102,280
0.085,280
0.093,280
0.08,280
0.081,280
0.077,280
0.078,280
0.095,280
0.082,280
0.08,280
0.078,280
0.074,280
0.1,280
0.08,280
0.08,280
0.087,280
0.08,280
0.082,280
0.083,280
0.082,280
0.081,280
0.076,280
0.083,280
0.127,280
0.084,280
0.083,280
0.09,280
0.1,280
0.09,280
0.088,280
0.091,280
0.079,280
0.106,280
0.08,280
0.079,280
0.079,280
0.103,280
0.079,280
0.091,280
0.1,280
0.095,280
0.088,280
0.081,280
0.114,280
0.079,280
0.093,280
0.082,280
0.091,280
0.076,280
0.084,280
0.088,280
0.085,280
0.093,280
0.089,280
0.082,280
0.089,280
0.09,280
0.1,280
0.084,280
0.085,280
0.079,280
0.073,280
0.081,280
0.087,280
0.082,280
0.087,280
0.096,280
0.09,280
0.08,280
0.078,280
0.081,280
0.087,280
0.103,280
0.079,280
0.089,280
0.092,280
0.104,280
0.098,280
0.092,280
0.079,280
0.08,280
0.087,280
0.09,280
0.094,280
0.092,280
0.099,280
0.082,280
0.095,280
0.087,280
0.083,280
0.081,280
0.085,280
0.081,280
0.094,280
0.087,280
0.077,280
0.079,280
0.098,280
0.087,280
0.08,280
0.079,280
0.078,280
0.079,280
0.089,280
0.079,280
0.081,280
0.074,280
0.094,280
0.103,280
0.076,280
0.107,280
0.088,280
0.081,280
0.082,280
0.08,280
0.08,280
0.087,280
0.085,280
0.104,280
0.082,280
0.084,280
0.081,280
0.093,280
0.086,280
0.134,280
0.077,280
0.09,280
0.102,280
0.081,280
0.097,280
0.094,280
0.078,280
0.094,280
0.082,280
0.077,280
0.082,280
0.084,280
0.083,280
0.085,280
0.07,280
0.086,280
0.082,280
0.077,280
0.083,280
0.079,280
0.08,280
0.076,280
0.078,280
0.087,280
0.091,280
0.08,280
0.079,280
0.075,280
0.202,280
0.077,280
0.08,280
0.09,280
0.078,280
0.084,280
0.088,280
0.116,280
0.079,280
0.073,280
0.079,280
0.084,280
0.08,280
0.08,280
0.095,280
0.112,280
0.078,280
0.081,280
0.083,280
0.081,280
0.087,280
0.083,280
0.081,280
0.085,280
0.078,280
0.1,280
0.074,280
0.079,280
0.08,280
0.092,280
0.091,280
0.093,280
0.079,280
0.082,280
0.094,280
0.077,280
0.081,280
0.098,280
0.104,280
0.098,280
0.081,280
0.09,280
0.084,280
0.09,280
0.081,280
0.089,280
0.08,280
0.089,280
0.094,280
0.084,280
0.082,280
0.081,280
0.091,280
0.092,280
0.078,280
0.077,280
0.098,280
0.081,280
0.086,280
0.095,280
0.085,280
0.094,280
0.076,280
0.08,280
0.08,280
0.081,280
0.085,280
0.079,280
0.079,280
0.079,280
0.104,280
0.082,280
0.086,280
0.083,280
0.098,280
0.099,280
0.081,280
0.09,280
0.095,280
0.081,280
0.084,280
0.084,280
0.079,280
0.081,280
0.084,280
0.084,280
0.098,280
0.081,280
0.103,280
0.084,280
0.106,280
0.083,280
0.088,280
0.095,280
0.086,280
0.087,280
0.079,280
0.091,280
0.078,280
0.084,280
0.082,280
0.083,280
0.094,280
0.085,280
0.089,280
0.089,280
0.081,280
0.096,280
0.082,280
0.099,280
0.09,280
0.08,280
0.084,280
0.083,280
0.106,280
0.079,280
0.117,280
0.107,280
0.159,280
0.082,280
0.081,280
0.078,280
0.079,280
0.079,280
0.087,280
0.08,280
0.087,280
0.081,280
0.083,280
0.084,280
0.078,280
0.075,280
0.084,280
0.086,280
0.08,280
0.079,280
0.079,280
0.098,280
0.084,280
0.082,280
0.077,280
0.081,280
0.079,280
0.081,280
0.094,280
0.081,280
0.082,280
0.094,280
0.082,280
0.079,280
0.082,280
0.094,280
0.079,280
0.088,280
0.141,280
0.087,280
0.076,280
0.082,280
0.082,280
0.086,280
0.081,280
0.082,280
0.084,280
0.086,280
0.081,280
0.084,280
0.079,280
0.093,280
0.08,280
0.085,280
0.091,280
0.089,280
0.099,280
0.093,280
0.084,280
0.091,280
0.1,280
0.086,280
0.091,280
0.081,280
0.077,280
0.079,280
0.133,280
0.111,280
0.084,280
0.091,280
0.078,280
0.086,280
0.08,280
0.083,280
0.107,280
0.107,280
0.084,280
0.09,280
0.081,280
0.075,280
0.094,280
0.105,280
0.095,280
0.081,280
0.099,280
0.083,280
0.077,280
0.08,280
0.083,280
0.079,280
0.083,280
0.09,280
0.08,280
0.114,280
0.091,280
0.083,280
0.075,280
0.084,280
0.083,280
0.08,280
0.105,280
0.085,280
0.089,280
0.088,280
0.079,280
0.08,280
0.079,280
0.083,280
0.142,280
0.081,280
0.077,280
0.086,280
0.104,280
0.101,280
0.105,280
0.081,280
0.086,280
0.087,280
0.08,280
0.095,280
0.086,280
0.102,280
0.087,280
0.089,280
0.091,280
0.082,280
0.093,280
0.075,280
0.083,280
0.084,280
0.081,280
0.085,280
0.087,280
0.079,280
0.092,280
0.081,280
0.081,280
0.084,280
0.078,280
0.085,280
0.079,280
0.097,280
0.082,280
0.079,280
0.082,280
0.083,280
0.115,280
0.079,280
0.102,280
0.081,280
0.074,280
0.082,280
0.086,280
0.183,280
0.095,280
0.107,280
0.089,280
0.081,280
0.081,280
0.102,280
0.083,280
0.078,280
0.097,280
0.081,280
0.077,280
0.097,280
0.088,280
0.078,280
0.096,280
0.084,280
0.084,280
0.08,280
0.095,280
0.082,280
0.079,280
0.078,280
0.089,280
0.097,280
0.082,280
0.087,280
0.114,280
0.079,280
0.094,280
0.079,280
0.075,280
0.085,280
0.073,280
0.087,280
0.078,280
0.078,280
0.081,280
0.086,280
0.1,280
0.092,280
0.099,280
0.076,280
0.092,280
0.083,280
0.079,280
0.088,280
0.088,280
0.082,280
0.092,280
0.08,280
0.074,280
0.08,280
0.102,280
0.086,280
0.089,280
0.097,280
0.08,280
0.09,280
0.084,280
0.096,280
0.092,280
0.08,280
0.081,280
0.106,280
0.095,280
0.073,280
0.084,280
0.08,280
0.082,280
0.077,280
0.086,280
0.087,280
0.08,280
0.08,280
0.082,280
0.11,280
0.093,280
0.115,280
0.081,280
0.083,280
0.09,280
0.093,280
0.075,280
0.081,280
0.089,280
0.08,280
0.073,280
0.089,280
0.08,280
0.076,280
0.08,280
0.095,280
0.08,280
0.08,280
0.082,280
0.08,280
0.08,280
0.076,280
0.083,280
0.085,280
0.081,280
0.078,280
0.077,280
0.085,280
0.081,280
0.1,280
0.076,280
0.085,280
0.105,280
0.095,280
0.098,280
0.083,280
0.092,280
0.089,280
0.079,280
0.078,280
0.084,280
0.081,280
0.097,280
0.083,280
0.082,280
0.09,280
0.078,280
0.093,280
0.095,280
0.092,280
0.094,280
0.083,280
0.081,280
0.077,280
0.122,280
0.078,280
0.091,280
0.082,280
