14.402,280
13.292,280
17.422,280
15.0,280
18.266,280
13.823,280
13.371,280
17.7,280
14.811,280
13.38,280
15.136,280
14.485,280
21.373,280
23.689,280
16.466,280
16.765,280
19.718,280
13.473,280
18.888,280
14.014,280
23.856,280
15.042,280
13.492,280
18.863,280
13.428,280
17.354,280
23.665,280
21.286,280
15.389,280
17.652,280
19.471,280
17.685,280
16.506,280
20.153,280
13.555,280
13.752,280
28.329,280
13.532,280
20.828,280
23.906,280
14.33,280
13.618,280
15.035,280
18.008,280
20.007,280
13.553,280
21.21,280
19.857,280
13.992,280
15.502,280
13.574,280
16.011,280
13.522,280
13.946,280
15.732,280
15.519,280
13.685,280
18.375,280
13.702,280
15.527,280
24.922,280
13.844,280
13.467,280
13.817,280
14.997,280
20.491,280
21.507,280
13.614,280
14.863,280
15.388,280
14.133,280
18.804,280
13.507,280
17.151,280
13.811,280
13.611,280
13.453,280
15.44,280
13.741,280
13.603,280
13.423,280
18.942,280
16.893,280
25.835,280
13.786,280
13.778,280
14.731,280
15.926,280
15.873,280
19.529,280
16.445,280
18.856,280
15.573,280
13.712,280
21.282,280
13.53,280
15.988,280
23.711,280
13.615,280
16.165,280
13.647,280
13.699,280
26.279,280
13.578,280
16.679,280
23.171,280
19.224,280
13.779,280
13.825,280
21.14,280
18.165,280
26.046,280
16.411,280
24.852,280
16.222,280
17.368,280
13.714,280
15.116,280
15.307,280
18.627,280
14.526,280
21.26,280
14.766,280
18.832,280
13.899,280
15.667,280
13.866,280
19.675,280
22.272,280
20.46,280
15.026,280
14.711,280
19.656,280
13.761,280
20.468,280
14.86,280
13.664,280
16.34,280
18.405,280
20.275,280
23.716,280
13.616,280
13.519,280
25.105,280
16.947,280
24.013,280
13.759,280
13.647,280
13.681,280
13.767,280
15.523,280
13.664,280
13.643,280
15.261,280
14.862,280
13.628,280
14.777,280
18.978,280
13.608,280
13.764,280
18.746,280
20.888,280
13.589,280
13.764,280
17.451,280
17.788,280
15.713,280
13.834,280
19.153,280
15.479,280
24.405,280
17.58,280
17.984,280
14.667,280
22.487,280
25.602,280
13.677,280
21.849,280
15.958,280
13.698,280
15.575,280
25.908,280
18.361,280
22.125,280
15.555,280
13.794,280
24.786,280
19.04,280
19.276,280
15.661,280
13.888,280
18.164,280
20.831,280
25.73,280
16.962,280
14.878,280
14.916,280
14.389,280
17.462,280
15.967,280
13.794,280
15.689,280
27.764,280
15.443,280
22.576,280
25.575,280
16.123,280
13.617,280
18.183,280
15.352,280
16.96,280
16.067,280
13.937,280
13.597,280
18.913,280
15.493,280
14.785,280
13.645,280
17.087,280
22.972,280
14.939,280
15.023,280
22.115,280
14.281,280
20.929,280
18.849,280
15.471,280
16.697,280
14.889,280
13.512,280
15.789,280
14.626,280
23.086,280
16.138,280
23.984,280
17.286,280
22.8,280
16.196,280
13.898,280
15.62,280
13.902,280
16.88,280
16.337,280
29.701,280
16.963,280
17.047,280
13.515,280
13.613,280
13.873,280
21.225,280
13.973,280
13.666,280
13.958,280
13.994,280
14.227,280
16.27,280
13.842,280
13.611,280
14.434,280
16.993,280
15.896,280
15.529,280
23.736,280
16.375,280
15.875,280
20.336,280
14.066,280
14.556,280
21.794,280
13.713,280
18.967,280
27.465,280
13.726,280
17.555,280
13.691,280
21.337,280
25.207,280
15.471,280
25.107,280
16.335,280
13.964,280
20.126,280
15.52,280
19.246,280
14.911,280
16.032,280
17.764,280
18.224,280
16.943,280
23.415,280
18.818,280
13.884,280
13.834,280
16.079,280
25.032,280
14.88,280
16.173,280
13.792,280
15.807,280
17.59,280
14.681,280
15.547,280
20.988,280
13.956,280
16.772,280
19.174,280
23.098,280
17.487,280
19.533,280
21.271,280
18.495,280
24.596,280
18.091,280
21.396,280
13.715,280
15.798,280
17.407,280
13.96,280
20.729,280
15.181,280
16.788,280
13.95,280
22.997,280
27.689,280
13.653,280
14.035,280
18.078,280
13.827,280
13.664,280
24.989,280
16.121,280
21.729,280
18.475,280
14.603,280
18.966,280
13.764,280
22.932,280
16.721,280
23.66,280
17.177,280
19.082,280
16.66,280
24.614,280
16.091,280
16.473,280
13.99,280
15.629,280
14.858,280
14.98,280
23.032,280
13.925,280
15.508,280
15.31,280
19.905,280
16.92,280
19.536,280
14.817,280
24.799,280
13.643,280
17.832,280
27.082,280
21.549,280
13.722,280
16.337,280
13.497,280
15.671,280
14.224,280
15.93,280
14.044,280
17.077,280
13.715,280
19.71,280
16.77,280
19.095,280
15.779,280
21.622,280
18.027,280
15.411,280
13.751,280
17.4,280
13.751,280
13.796,280
16.266,280
13.934,280
14.995,280
13.815,280
16.571,280
17.444,280
13.91,280
20.921,280
19.793,280
15.057,280
15.05,280
17.862,280
18.4,280
24.479,280
21.777,280
16.217,280
21.941,280
13.737,280
16.283,280
19.28,280
13.64,280
13.74,280
15.621,280
25.254,280
13.656,280
14.783,280
21.854,280
23.288,280
13.881,280
27.221,280
14.519,280
23.163,280
15.144,280
26.941,280
24.095,280
17.807,280
24.546,280
13.703,280
17.158,280
17.23,280
26.934,280
13.474,280
23.256,280
13.819,280
14.214,280
16.182,280
13.896,280
13.897,280
16.273,280
16.895,280
16.0,280
14.759,280
13.721,280
15.956,280
17.073,280
18.789,280
20.272,280
15.125,280
15.454,280
15.749,280
15.027,280
14.188,280
13.914,280
20.423,280
13.723,280
26.927,280
19.851,280
16.932,280
18.642,280
19.887,280
18.894,280
24.681,280
13.986,280
14.519,280
15.114,280
17.398,280
14.072,280
14.795,280
16.918,280
13.877,280
17.043,280
13.803,280
18.071,280
15.524,280
15.07,280
23.426,280
20.045,280
21.228,280
24.135,280
19.769,280
13.843,280
15.743,280
21.554,280
16.428,280
26.013,280
17.548,280
23.102,280
24.632,280
14.158,280
16.892,280
21.102,280
13.927,280
15.615,280
13.704,280
15.46,280
13.658,280
16.429,280
16.988,280
24.971,280
13.656,280
15.533,280
19.717,280
17.974,280
17.264,280
26.212,280
23.111,280
14.18,280
16.259,280
14.194,280
13.77,280
14.872,280
14.717,280
24.796,280
13.834,280
13.816,280
17.032,280
24.245,280
13.872,280
16.579,280
27.098,280
15.779,280
26.789,280
22.677,280
13.858,280
18.847,280
18.978,280
13.706,280
13.994,280
21.881,280
14.493,280
16.632,280
22.341,280
16.073,280
13.755,280
20.987,280
26.708,280
23.705,280
15.363,280
14.501,280
18.657,280
15.911,280
16.308,280
14.438,280
20.035,280
15.052,280
15.704,280
15.945,280
16.153,280
13.804,280
15.906,280
16.667,280
20.28,280
21.346,280
13.973,280
26.482,280
15.972,280
26.705,280
21.895,280
22.109,280
19.077,280
25.189,280
19.27,280
17.091,280
18.059,280
19.206,280
23.512,280
13.652,280
14.556,280
20.529,280
16.467,280
19.433,280
17.105,280
14.026,280
13.826,280
19.727,280
19.356,280
21.145,280
13.868,280
16.105,280
16.583,280
22.792,280
13.659,280
19.04,280
24.085,280
20.299,280
22.89,280
39.517,280
17.997,280
22.966,280
13.938,280
17.631,280
20.734,280
23.348,280
18.459,280
18.643,280
14.978,280
17.923,280
13.658,280
15.615,280
16.077,280
19.651,280
17.341,280
15.79,280
18.769,280
14.671,280
15.555,280
23.134,280
26.471,280
19.561,280
15.559,280
24.97,280
16.175,280
15.397,280
16.053,280
16.935,280
15.26,280
16.008,280
17.266,280
25.578,280
16.384,280
21.049,280
17.199,280
18.96,280
22.268,280
15.84,280
21.741,280
13.956,280
19.043,280
13.833,280
17.82,280
13.997,280
13.742,280
16.161,280
19.211,280
17.22,280
15.698,280
15.107,280
13.895,280
19.719,280
25.89,280
30.968,280
17.32,280
15.411,280
15.522,280
15.343,280
14.058,280
15.615,280
22.84,280
15.402,280
20.864,280
20.103,280
16.51,280
13.766,280
21.905,280
13.73,280
17.775,280
26.35,280
13.967,280
13.942,280
17.722,280
24.382,280
16.952,280
25.736,280
20.201,280
17.275,280
13.812,280
23.677,280
18.781,280
13.888,280
14.257,280
26.164,280
13.988,280
14.002,280
15.442,280
15.513,280
17.47,280
16.057,280
16.309,280
20.319,280
23.693,280
19.252,280
13.838,280
13.824,280
23.331,280
13.82,280
17.28,280
13.823,280
21.959,280
13.773,280
17.196,280
23.608,280
18.931,280
23.178,280
26.707,280
14.215,280
16.744,280
15.838,280
14.8,280
22.138,280
15.906,280
18.69,280
16.41,280
15.025,280
21.58,280
15.429,280
13.82,280
28.653,280
28.395,280
15.942,280
13.962,280
17.754,280
15.426,280
25.065,280
19.809,280
14.191,280
18.399,280
28.502,280
23.404,280
13.753,280
19.546,280
16.001,280
16.573,280
23.047,280
22.508,280
17.625,280
25.056,280
26.956,280
15.933,280
14.48,280
25.464,280
13.952,280
18.167,280
17.675,280
13.724,280
15.657,280
19.206,280
16.815,280
15.193,280
13.521,280
23.401,280
14.826,280
16.249,280
14.648,280
14.15,280
23.986,280
18.04,280
19.586,280
25.066,280
14.16,280
13.721,280
22.51,280
13.921,280
15.85,280
14.034,280
18.858,280
14.08,280
13.799,280
13.733,280
16.116,280
15.98,280
23.985,280
23.863,280
13.778,280
15.498,280
16.794,280
15.798,280
15.094,280
19.095,280
17.764,280
14.233,280
16.936,280
20.142,280
24.557,280
13.704,280
15.147,280
22.298,280
13.836,280
14.29,280
14.237,280
19.404,280
13.7,280
14.937,280
15.379,280
13.94,280
13.506,280
16.601,280
15.926,280
13.842,280
16.919,280
14.718,280
14.217,280
16.15,280
29.366,280
19.669,280
29.261,280
16.849,280
13.859,280
13.952,280
28.825,280
14.044,280
21.507,280
22.991,280
19.243,280
20.714,280
18.783,280
15.228,280
14.229,280
17.118,280
16.771,280
13.899,280
15.702,280
18.649,280
13.825,280
20.788,280
18.078,280
14.026,280
21.597,280
15.641,280
16.509,280
20.105,280
13.939,280
25.206,280
19.991,280
14.106,280
21.607,280
19.618,280
13.707,280
19.361,280
16.733,280
19.244,280
18.464,280
48.673,280
14.101,280
22.366,280
14.261,280
13.732,280
18.811,280
18.502,280
14.757,280
22.078,280
18.786,280
16.731,280
14.041,280
19.68,280
13.764,280
16.876,280
15.109,280
15.718,280
13.907,280
19.404,280
17.628,280
23.74,280
13.891,280
19.898,280
13.763,280
14.041,280
16.56,280
15.854,280
29.555,280
18.242,280
25.021,280
22.657,280
15.335,280
21.293,280
21.122,280
13.993,280
19.603,280
25.279,280
19.73,280
29.184,280
16.509,280
24.972,280
23.056,280
16.087,280
20.501,280
14.134,280
15.761,280
13.663,280
14.112,280
14.21,280
21.027,280
17.762,280
16.996,280
13.936,280
13.774,280
18.195,280
22.662,280
15.392,280
16.391,280
13.714,280
14.051,280
24.74,280
20.803,280
13.869,280
17.723,280
19.287,280
24.519,280
24.004,280
16.405,280
21.758,280
15.854,280
22.102,280
15.82,280
13.977,280
22.09,280
22.255,280
16.889,280
18.012,280
13.931,280
20.393,280
14.22,280
13.752,280
21.163,280
13.914,280
13.803,280
14.601,280
25.732,280
19.068,280
13.794,280
13.915,280
23.088,280
15.3,280
18.596,280
19.372,280
24.889,280
26.419,280
14.034,280
15.394,280
25.858,280
29.697,280
13.7,280
17.378,280
17.23,280
16.135,280
15.27,280
26.932,280
23.899,280
13.979,280
21.348,280
19.515,280
25.504,280
13.81,280
19.381,280
19.691,280
16.311,280
18.855,280
13.9,280
13.819,280
17.498,280
15.051,280
15.751,280
23.58,280
13.821,280
16.547,280
13.982,280
14.194,280
26.383,280
22.893,280
15.799,280
20.999,280
27.476,280
19.346,280
16.166,280
20.726,280
21.81,280
25.041,280
15.125,280
16.024,280
17.788,280
16.842,280
20.409,280
15.559,280
20.684,280
15.219,280
14.477,280
20.2,280
17.27,280
14.488,280
25.655,280
19.789,280
16.77,280
17.478,280
16.466,280
16.557,280
28.568,280
15.571,280
14.299,280
16.316,280
14.199,280
13.839,280
15.104,280
14.122,280
15.689,280
13.962,280
14.16,280
27.252,280
13.928,280
17.365,280
13.891,280
22.298,280
14.227,280
21.733,280
14.084,280
23.823,280
19.832,280
20.106,280
15.673,280
14.964,280
26.027,280
18.603,280
16.665,280
19.818,280
18.466,280
22.496,280
14.027,280
17.664,280
14.82,280
29.373,280
23.211,280
14.126,280
17.583,280
14.161,280
50.76,280
21.741,280
28.631,280
16.114,280
14.18,280
17.019,280
26.63,280
17.447,280
13.933,280
25.15,280
19.164,280
24.992,280
14.027,280
14.389,280
13.921,280
21.552,280
21.023,280
14.163,280
15.155,280
13.94,280
16.075,280
14.028,280
26.457,280
14.971,280
21.739,280
16.34,280
23.904,280
13.909,280
13.755,280
17.739,280
16.154,280
15.673,280
17.386,280
16.53,280
18.062,280
16.017,280
16.149,280
13.858,280
15.852,280
18.845,280
21.709,280
13.972,280
15.2,280
15.171,280
15.666,280
25.426,280
19.06,280
13.952,280
13.895,280
17.516,280
20.336,280
15.468,280
17.543,280
13.926,280
19.195,280
14.001,280
17.525,280
16.541,280
13.926,280
14.457,280
22.314,280
16.443,280
14.561,280
25.723,280
16.925,280
22.858,280
16.192,280
15.963,280
17.994,280
18.905,280
13.698,280
15.373,280
13.673,280
13.981,280
15.94,280
15.486,280
18.122,280
24.372,280
19.818,280
13.913,280
16.572,280
15.533,280
13.885,280
15.407,280
15.188,280
15.045,280
16.603,280
28.651,280
18.444,280
28.231,280
22.041,280
13.819,280
14.078,280
22.276,280
23.235,280
20.019,280
19.658,280
17.048,280
16.477,280
16.454,280
23.04,280
15.92,280
15.832,280
21.639,280
20.479,280
28.089,280
14.085,280
17.108,280
13.997,280
18.782,280
13.904,280
16.163,280
16.127,280
20.521,280
15.806,280
15.586,280
14.501,280
13.667,280
24.646,280
23.689,280
20.636,280
24.204,280
15.412,280
25.348,280
15.264,280
16.137,280
14.578,280
20.539,280
24.01,280
19.633,280
15.832,280
24.818,280
15.537,280
15.928,280
27.924,280
15.784,280
16.097,280
13.835,280
14.094,280
14.122,280
15.029,280
14.693,280
15.94,280
16.039,280
15.072,280
19.441,280
16.317,280
19.638,280
14.875,280
14.042,280
17.792,280
13.824,280
14.089,280
14.062,280
13.747,280
14.038,280
15.1,280
15.876,280
15.998,280
16.46,280
15.806,280
16.495,280
13.696,280
14.444,280
15.257,280
15.908,280
14.444,280
14.23,280
15.422,280
15.521,280
15.727,280
15.58,280
16.946,280
14.879,280
13.841,280
13.73,280
15.752,280
25.46,280
15.112,280
15.625,280
22.664,280
14.464,280
15.48,280
14.393,280
21.425,280
18.943,280
13.881,280
15.533,280
25.507,280
15.788,280
27.194,280
21.97,280
17.416,280
14.071,280
23.884,280
14.07,280
27.889,280
16.153,280
15.277,280
14.611,280
22.036,280
14.09,280
15.075,280
19.927,280
15.912,280
14.132,280
14.055,280
14.095,280
13.961,280
14.045,280
14.151,280
17.034,280
17.974,280
13.986,280
22.829,280
17.081,280
17.515,280
14.323,280
19.778,280
16.284,280
13.895,280
20.145,280
14.204,280
14.121,280
17.753,280
17.97,280
20.826,280
15.08,280
26.833,280
19.911,280
23.432,280
18.828,280
14.942,280
15.397,280
23.151,280
26.509,280
13.716,280
13.982,280
13.689,280
18.859,280
15.093,280
14.435,280
13.749,280
14.702,280
17.973,280
13.697,280
16.617,280
17.452,280
18.742,280
19.396,280
20.78,280
14.134,280
14.246,280
52.384,280
26.611,280
16.187,280
19.035,280
14.274,280
17.402,280
19.424,280
13.793,280
14.274,280
16.702,280
16.207,280
16.35,280
16.738,280
24.418,280
18.694,280
24.101,280
18.507,280
19.536,280
16.702,280
20.418,280
21.717,280
14.278,280
15.348,280
18.402,280
17.123,280
20.634,280
22.646,280
18.597,280
14.398,280
20.254,280
23.754,280
22.367,280
17.979,280
14.718,280
21.583,280
25.029,280
15.002,280
24.571,280
15.708,280
15.297,280
15.733,280
14.648,280
18.513,280
15.311,280
15.528,280
23.241,280
19.535,280
17.22,280
14.148,280
19.594,280
17.274,280
18.722,280
14.158,280
21.083,280
17.574,280
25.121,280
13.954,280
23.245,280
18.651,280
18.573,280
25.343,280
16.562,280
14.154,280
26.192,280
15.662,280
19.468,280
17.999,280
14.173,280
24.706,280
14.332,280
20.448,280
20.34,280
18.086,280
16.099,280
14.526,280
14.466,280
16.007,280
22.071,280
16.892,280
18.443,280
20.275,280
15.484,280
26.017,280
14.921,280
16.043,280
15.787,280
15.975,280
24.755,280
22.565,280
15.576,280
17.212,280
22.968,280
18.287,280
18.018,280
14.555,280
18.397,280
16.244,280
22.731,280
23.221,280
14.533,280
15.241,280
16.24,280
16.433,280
23.796,280
20.146,280
15.068,280
20.279,280
18.82,280
17.837,280
14.697,280
18.01,280
16.655,280
19.429,280
23.417,280
17.222,280
17.931,280
24.343,280
14.052,280
14.374,280
16.518,280
16.956,280
14.642,280
14.373,280
20.82,280
24.052,280
20.889,280
20.442,280
16.69,280
18.537,280
19.9,280
22.913,280
14.513,280
15.596,280
17.451,280
20.677,280
16.064,280
15.521,280
14.486,280
15.707,280
44.903,280
19.77,280
14.455,280
18.892,280
26.082,280
15.448,280
14.052,280
20.705,280
15.663,280
18.472,280
14.393,280
17.315,280
14.084,280
17.532,280
14.146,280
14.465,280
18.571,280
25.934,280
16.159,280
16.193,280
19.458,280
20.663,280
16.098,280
15.282,280
15.459,280
17.287,280
20.751,280
15.972,280
18.387,280
16.486,280
19.235,280
22.956,280
15.604,280
15.685,280
21.93,280
19.8,280
19.477,280
16.507,280
17.731,280
25.383,280
19.295,280
14.392,280
15.766,280
17.461,280
19.879,280
23.25,280
15.696,280
18.448,280
26.197,280
14.513,280
16.846,280
16.419,280
27.437,280
20.039,280
18.745,280
16.004,280
15.9,280
22.041,280
16.484,280
16.665,280
16.834,280
15.837,280
14.739,280
15.829,280
24.637,280
20.76,280
17.546,280
18.62,280
15.857,280
17.035,280
19.08,280
16.836,280
14.5,280
17.356,280
15.206,280
22.273,280
24.782,280
21.22,280
19.546,280
16.938,280
19.652,280
20.638,280
17.813,280
19.315,280
18.355,280
16.986,280
19.553,280
19.387,280
21.098,280
14.584,280
15.17,280
16.704,280
14.416,280
15.486,280
18.943,280
19.599,280
16.342,280
20.811,280
16.839,280
26.738,280
23.635,280
14.433,280
16.685,280
16.183,280
14.487,280
24.975,280
15.052,280
19.983,280
20.294,280
24.677,280
16.02,280
15.931,280
17.372,280
15.471,280
16.477,280
20.495,280
15.501,280
15.504,280
21.408,280
15.989,280
22.075,280
18.722,280
22.295,280
15.838,280
20.251,280
16.212,280
20.038,280
22.556,280
16.658,280
18.2,280
16.068,280
23.381,280
15.104,280
16.245,280
17.102,280
14.357,280
15.369,280
14.624,280
20.491,280
43.448,280
15.689,280
17.522,280
20.29,280
21.112,280
15.936,280
25.56,280
19.022,280
14.086,280
14.491,280
14.367,280
15.612,280
23.108,280
19.413,280
20.338,280
17.071,280
15.739,280
16.229,280
14.566,280
14.379,280
18.715,280
14.585,280
14.385,280
15.372,280
18.203,280
15.696,280
16.953,280
15.742,280
16.772,280
28.419,280
22.536,280
16.083,280
15.467,280
24.405,280
27.757,280
16.319,280
25.023,280
15.75,280
21.739,280
21.142,280
16.685,280
15.683,280
20.517,280
17.33,280
15.714,280
21.126,280
17.168,280
15.952,280
17.973,280
18.633,280
20.335,280
16.722,280
16.589,280
18.09,280
20.865,280
23.287,280
14.309,280
19.466,280
18.044,280
17.183,280
16.239,280
21.999,280
15.643,280
17.428,280
18.858,280
17.733,280
17.202,280
14.49,280
18.298,280
21.867,280
16.258,280
26.216,280
14.55,280
14.523,280
19.074,280
26.539,280
25.569,280
18.049,280
19.05,280
24.349,280
19.703,280
18.749,280
18.18,280
19.727,280
14.518,280
18.141,280
15.081,280
17.51,280
16.44,280
15.717,280
17.685,280
25.927,280
16.895,280
16.927,280
15.368,280
22.257,280
22.303,280
17.145,280
23.956,280
18.651,280
16.101,280
16.023,280
21.172,280
22.42,280
15.686,280
15.899,280
14.409,280
20.455,280
15.562,280
17.131,280
16.573,280
14.694,280
14.651,280
16.342,280
14.451,280
23.851,280
14.343,280
16.986,280
16.514,280
23.049,280
14.69,280
24.958,280
19.362,280
25.316,280
21.98,280
23.878,280
25.037,280
21.888,280
14.403,280
15.302,280
19.001,280
17.071,280
15.105,280
16.736,280
21.222,280
17.096,280
20.169,280
19.72,280
19.858,280
19.526,280
14.673,280
19.004,280
15.973,280
25.058,280
16.248,280
16.381,280
19.627,280
18.268,280
20.763,280
17.574,280
22.59,280
22.741,280
22.877,280
21.6,280
16.602,280
14.516,280
19.415,280
18.084,280
23.465,280
15.02,280
18.541,280
22.634,280
17.099,280
16.505,280
15.398,280
14.617,280
16.477,280
16.557,280
20.83,280
19.42,280
21.044,280
22.123,280
17.488,280
18.966,280
18.753,280
22.173,280
27.117,280
16.592,280
20.008,280
18.522,280
23.303,280
15.829,280
15.684,280
16.452,280
17.464,280
23.884,280
19.9,280
20.454,280
15.925,280
14.872,280
14.379,280
14.719,280
20.426,280
16.647,280
19.967,280
16.723,280
27.367,280
15.079,280
24.04,280
18.819,280
18.962,280
16.531,280
15.144,280
17.617,280
28.839,280
14.558,280
17.702,280
16.64,280
22.599,280
19.404,280
16.431,280
18.355,280
15.091,280
48.773,280
18.823,280
16.427,280
14.723,280
23.68,280
18.06,280
16.649,280
25.92,280
18.971,280
19.812,280
16.581,280
27.329,280
21.139,280
14.648,280
19.02,280
16.348,280
16.901,280
25.091,280
19.973,280
17.498,280
14.606,280
27.777,280
20.663,280
14.577,280
15.327,280
19.495,280
64.103,280
25.626,280
14.552,280
14.629,280
14.656,280
18.618,280
18.97,280
21.118,280
16.409,280
19.761,280
23.579,280
21.431,280
15.49,280
17.69,280
25.886,280
17.456,280
21.125,280
19.7,280
15.059,280
20.949,280
14.669,280
15.88,280
25.996,280
23.336,280
16.22,280
21.322,280
16.316,280
25.373,280
25.138,280
16.778,280
19.054,280
18.295,280
14.894,280
16.696,280
17.055,280
18.942,280
15.128,280
22.476,280
15.865,280
18.02,280
23.605,280
17.725,280
21.977,280
16.365,280
20.837,280
16.568,280
16.77,280
14.468,280
19.933,280
16.39,280
15.738,280
16.237,280
26.073,280
25.915,280
15.511,280
16.486,280
14.175,280
21.13,280
16.635,280
25.296,280
14.51,280
16.172,280
16.675,280
14.353,280
24.326,280
22.284,280
14.386,280
27.978,280
20.879,280
19.121,280
16.51,280
14.547,280
23.63,280
27.631,280
20.16,280
16.81,280
17.743,280
20.147,280
16.591,280
23.419,280
16.537,280
14.561,280
17.206,280
21.881,280
16.402,280
17.27,280
15.698,280
14.619,280
21.39,280
16.458,280
24.172,280
16.11,280
16.82,280
17.601,280
19.028,280
28.164,280
14.34,280
14.154,280
24.664,280
20.507,280
24.427,280
16.736,280
16.726,280
14.404,280
19.214,280
24.908,280
18.245,280
14.515,280
15.598,280
16.403,280
15.802,280
16.548,280
14.339,280
18.653,280
15.798,280
16.326,280
14.239,280
18.105,280
15.372,280
17.958,280
25.509,280
15.065,280
25.568,280
16.583,280
16.974,280
15.102,280
16.552,280
14.409,280
16.143,280
20.334,280
21.294,280
20.741,280
23.855,280
27.026,280
20.898,280
19.787,280
22.049,280
23.419,280
26.326,280
16.157,280
22.592,280
17.442,280
16.287,280
16.547,280
20.65,280
20.942,280
18.096,280
19.07,280
16.09,280
16.19,280
16.254,280
24.03,280
21.577,280
18.978,280
14.607,280
21.949,280
16.69,280
16.67,280
15.371,280
27.843,280
14.578,280
16.842,280
14.644,280
20.806,280
17.471,280
20.451,280
21.299,280
20.224,280
24.049,280
19.647,280
22.139,280
18.485,280
19.576,280
16.896,280
20.97,280
15.594,280
19.615,280
20.935,280
18.938,280
21.253,280
15.004,280
15.841,280
18.183,280
22.316,280
18.609,280
25.8,280
20.108,280
23.461,280
14.913,280
16.657,280
21.52,280
14.636,280
21.451,280
16.621,280
16.186,280
15.778,280
18.963,280
22.3,280
19.197,280
24.715,280
24.571,280
18.294,280
21.568,280
16.069,280
19.108,280
19.28,280
14.488,280
14.992,280
22.709,280
15.848,280
17.354,280
19.525,280
23.082,280
15.476,280
21.023,280
24.271,280
15.524,280
14.841,280
19.099,280
14.652,280
16.733,280
29.789,280
16.039,280
20.648,280
20.892,280
28.287,280
14.583,280
18.163,280
16.655,280
16.285,280
17.255,280
14.243,280
16.485,280
19.416,280
15.428,280
24.883,280
14.385,280
26.599,280
20.774,280
15.844,280
16.934,280
16.106,280
17.73,280
27.194,280
18.629,280
20.29,280
19.695,280
14.955,280
14.639,280
14.433,280
14.355,280
14.942,280
19.057,280
15.977,280
18.338,280
15.951,280
19.937,280
20.599,280
21.788,280
15.041,280
14.612,280
19.659,280
15.088,280
21.061,280
21.543,280
25.733,280
19.075,280
17.335,280
16.814,280
24.269,280
25.251,280
20.194,280
14.827,280
15.764,280
21.924,280
23.276,280
15.569,280
20.682,280
24.27,280
20.786,280
16.535,280
15.18,280
22.802,280
24.445,280
14.857,280
16.397,280
16.693,280
17.332,280
14.659,280
16.902,280
16.571,280
17.112,280
16.511,280
14.725,280
15.19,280
14.365,280
16.809,280
21.283,280
20.051,280
14.867,280
15.556,280
16.417,280
16.358,280
22.682,280
27.911,280
15.622,280
19.988,280
16.342,280
15.262,280
16.219,280
22.855,280
23.659,280
20.193,280
16.122,280
14.329,280
19.014,280
15.477,280
23.251,280
17.825,280
28.163,280
16.062,280
23.965,280
14.536,280
20.937,280
17.23,280
14.555,280
20.964,280
16.518,280
44.778,280
17.364,280
23.403,280
14.739,280
27.167,280
14.43,280
16.221,280
19.437,280
18.536,280
25.72,280
20.556,280
19.367,280
23.642,280
19.917,280
16.221,280
19.028,280
17.907,280
15.832,280
20.209,280
16.109,280
22.096,280
18.859,280
15.626,280
54.261,280
18.946,280
15.248,280
15.723,280
17.019,280
18.11,280
15.768,280
18.812,280
15.983,280
18.344,280
14.932,280
28.747,280
14.905,280
14.613,280
14.606,280
21.452,280
18.937,280
22.783,280
21.013,280
17.735,280
15.733,280
15.533,280
14.634,280
26.902,280
18.057,280
16.901,280
26.575,280
15.86,280
19.954,280
16.156,280
20.709,280
19.345,280
23.067,280
23.653,280
23.435,280
19.046,280
14.303,280
16.125,280
16.163,280
15.398,280
24.041,280
17.026,280
22.199,280
19.9,280
16.216,280
14.546,280
19.37,280
43.783,280
23.21,280
21.884,280
16.68,280
14.357,280
27.183,280
14.113,280
27.791,280
19.62,280
17.28,280
18.968,280
16.196,280
15.126,280
14.539,280
14.305,280
20.871,280
17.501,280
17.234,280
23.713,280
14.723,280
14.394,280
16.521,280
15.189,280
15.153,280
15.834,280
18.729,280
16.667,280
17.386,280
24.029,280
22.979,280
15.717,280
15.793,280
20.362,280
17.02,280
20.491,280
17.069,280
23.812,280
15.626,280
15.617,280
23.35,280
16.591,280
16.487,280
21.85,280
20.232,280
18.19,280
17.569,280
17.036,280
25.589,280
14.83,280
16.001,280
14.184,280
15.426,280
14.55,280
17.273,280
22.324,280
19.066,280
17.076,280
17.025,280
25.555,280
17.471,280
16.314,280
17.132,280
17.173,280
15.72,280
19.384,280
14.481,280
14.907,280
24.017,280
19.554,280
25.095,280
17.351,280
14.222,280
16.511,280
16.023,280
15.958,280
16.678,280
19.285,280
22.813,280
17.35,280
20.607,280
15.755,280
18.374,280
18.47,280
19.347,280
20.637,280
16.547,280
16.388,280
17.009,280
16.632,280
26.606,280
19.643,280
19.046,280
23.509,280
16.463,280
15.63,280
23.925,280
20.877,280
17.219,280
17.621,280
17.387,280
23.292,280
15.96,280
20.132,280
14.225,280
26.158,280
18.576,280
15.987,280
18.006,280
14.527,280
15.507,280
24.205,280
19.404,280
16.454,280
19.204,280
14.632,280
16.616,280
14.436,280
16.745,280
26.181,280
24.306,280
15.964,280
18.018,280
27.057,280
19.975,280
18.494,280
26.905,280
14.613,280
14.406,280
15.848,280
19.28,280
15.735,280
23.78,280
27.679,280
16.774,280
24.373,280
15.948,280
17.166,280
19.666,280
15.964,280
19.706,280
16.101,280
26.722,280
16.994,280
21.054,280
14.656,280
21.977,280
16.802,280
16.859,280
17.779,280
16.784,280
21.299,280
19.212,280
23.801,280
16.223,280
16.819,280
18.443,280
24.533,280
21.335,280
16.934,280
15.037,280
19.104,280
15.894,280
15.984,280
17.862,280
20.326,280
15.736,280
18.197,280
17.696,280
16.481,280
14.231,280
18.007,280
17.716,280
23.869,280
24.123,280
15.754,280
20.233,280
17.49,280
26.129,280
14.752,280
16.265,280
17.684,280
20.907,280
14.718,280
19.65,280
16.428,280
17.164,280
16.921,280
18.57,280
25.826,280
14.421,280
16.311,280
14.474,280
17.451,280
20.291,280
17.656,280
14.518,280
17.076,280
19.825,280
15.451,280
22.057,280
16.018,280
28.477,280
27.621,280
15.972,280
22.545,280
18.682,280
26.74,280
18.175,280
16.911,280
19.719,280
16.72,280
18.883,280
15.859,280
25.298,280
18.458,280
25.198,280
14.349,280
19.06,280
24.863,280
15.873,280
24.632,280
19.657,280
24.448,280
18.565,280
15.731,280
16.578,280
16.958,280
14.351,280
26.595,280
16.935,280
19.131,280
14.803,280
17.05,280
16.508,280
16.107,280
16.027,280
17.435,280
18.324,280
18.802,280
18.007,280
15.365,280
17.16,280
14.389,280
18.733,280
18.775,280
19.196,280
16.719,280
17.85,280
15.682,280
22.458,280
16.185,280
16.669,280
21.651,280
24.504,280
16.754,280
22.677,280
18.721,280
16.403,280
14.678,280
22.751,280
22.529,280
14.339,280
22.401,280
23.52,280
17.671,280
15.341,280
50.272,280
14.892,280
16.186,280
18.609,280
18.091,280
17.764,280
15.745,280
15.581,280
17.345,280
16.837,280
15.93,280
16.252,280
15.174,280
26.2,280
16.431,280
18.441,280
22.628,280
22.977,280
15.747,280
17.25,280
15.585,280
19.98,280
15.55,280
14.914,280
19.056,280
15.491,280
25.65,280
25.566,280
17.204,280
24.956,280
18.285,280
20.674,280
17.036,280
25.005,280
22.263,280
17.474,280
16.536,280
17.663,280
14.827,280
15.516,280
22.288,280
23.731,280
22.182,280
18.884,280
20.353,280
15.718,280
22.238,280
19.039,280
18.825,280
20.388,280
22.393,280
16.739,280
15.665,280
15.512,280
21.281,280
15.929,280
16.286,280
16.613,280
19.418,280
25.765,280
25.42,280
16.165,280
17.709,280
16.513,280
21.82,280
17.557,280
14.851,280
24.774,280
16.369,280
17.516,280
16.861,280
19.844,280
14.439,280
20.916,280
20.634,280
29.119,280
24.284,280
17.649,280
21.462,280
15.571,280
16.229,280
22.064,280
18.541,280
18.406,280
19.885,280
22.686,280
18.608,280
14.836,280
16.89,280
15.609,280
23.914,280
27.769,280
16.046,280
14.456,280
23.415,280
15.97,280
18.49,280
15.325,280
22.01,280
23.568,280
20.395,280
15.543,280
15.894,280
16.395,280
18.696,280
24.092,280
18.718,280
24.117,280
23.425,280
15.097,280
16.284,280
14.818,280
15.598,280
24.112,280
16.68,280
18.196,280
19.227,280
15.785,280
18.597,280
17.078,280
22.179,280
15.551,280
15.534,280
17.682,280
15.09,280
21.859,280
14.574,280
21.297,280
19.47,280
17.518,280
16.615,280
18.763,280
15.845,280
16.328,280
18.207,280
17.123,280
16.327,280
14.481,280
14.636,280
15.931,280
19.178,280
19.178,280
22.395,280
16.09,280
21.899,280
16.186,280
19.426,280
14.43,280
18.766,280
14.506,280
26.778,280
24.408,280
16.713,280
19.047,280
19.418,280
15.691,280
18.652,280
20.573,280
15.636,280
16.677,280
16.427,280
25.942,280
16.296,280
27.481,280
21.018,280
16.325,280
18.357,280
23.135,280
14.463,280
25.125,280
17.887,280
15.864,280
15.977,280
17.166,280
16.917,280
16.477,280
22.871,280
18.592,280
18.161,280
15.564,280
24.428,280
15.945,280
21.938,280
15.448,280
17.11,280
18.297,280
16.813,280
22.611,280
25.793,280
14.532,280
14.939,280
16.605,280
27.38,280
19.434,280
15.421,280
17.224,280
25.993,280
24.207,280
28.063,280
16.648,280
18.94,280
18.185,280
26.929,280
15.105,280
16.172,280
17.102,280
16.959,280
24.067,280
25.11,280
20.31,280
17.38,280
17.157,280
15.517,280
15.529,280
17.93,280
17.533,280
19.222,280
27.102,280
14.601,280
16.268,280
16.041,280
23.166,280
19.803,280
22.147,280
17.505,280
20.958,280
23.947,280
21.772,280
19.564,280
19.606,280
26.08,280
14.725,280
17.036,280
14.705,280
16.35,280
16.062,280
15.046,280
18.386,280
16.175,280
16.057,280
15.766,280
15.726,280
20.809,280
19.093,280
16.82,280
17.029,280
15.475,280
15.928,280
24.385,280
18.442,280
17.546,280
17.202,280
14.899,280
16.038,280
16.88,280
20.999,280
16.97,280
15.101,280
14.409,280
14.496,280
15.911,280
15.195,280
15.836,280
14.5,280
18.806,280
21.217,280
15.874,280
19.3,280
24.999,280
21.591,280
15.358,280
16.001,280
25.602,280
28.415,280
18.389,280
19.582,280
14.347,280
17.288,280
15.952,280
17.758,280
21.141,280
19.014,280
18.276,280
23.973,280
14.887,280
19.198,280
22.214,280
143.239,280
18.938,280
18.665,280
16.18,280
18.294,280
17.951,280
24.126,280
14.663,280
16.164,280
22.11,280
14.674,280
23.245,280
28.268,280
17.73,280
14.765,280
14.837,280
19.684,280
23.696,280
16.874,280
16.53,280
16.939,280
14.924,280
16.381,280
14.762,280
17.101,280
16.274,280
16.831,280
14.442,280
19.758,280
16.229,280
18.67,280
17.271,280
14.768,280
14.457,280
22.218,280
17.91,280
15.572,280
21.68,280
23.536,280
17.062,280
27.281,280
16.517,280
18.042,280
14.905,280
16.767,280
14.5,280
16.628,280
15.657,280
21.066,280
19.446,280
15.605,280
29.72,280
15.96,280
26.261,280
15.928,280
24.807,280
14.586,280
15.763,280
24.617,280
26.179,280
22.066,280
15.041,280
14.519,280
16.465,280
14.383,280
14.525,280
14.512,280
15.596,280
21.026,280
14.568,280
20.125,280
21.618,280
15.962,280
18.916,280
18.331,280
15.527,280
16.087,280
21.708,280
17.146,280
16.45,280
20.031,280
14.477,280
14.545,280
16.096,280
17.955,280
15.197,280
19.458,280
17.072,280
19.401,280
18.682,280
16.836,280
17.685,280
14.795,280
15.655,280
26.328,280
24.013,280
23.615,280
16.461,280
19.248,280
17.99,280
14.38,280
16.672,280
18.795,280
23.019,280
23.201,280
16.527,280
18.927,280
16.911,280
15.076,280
16.592,280
19.56,280
25.828,280
26.533,280
17.913,280
19.267,280
17.004,280
15.64,280
17.322,280
21.211,280
16.27,280
25.919,280
22.118,280
17.862,280
23.45,280
17.03,280
19.91,280
16.261,280
19.185,280
18.737,280
15.477,280
15.616,280
15.62,280
19.891,280
19.809,280
15.511,280
23.763,280
16.957,280
19.046,280
26.561,280
14.844,280
16.945,280
16.544,280
15.709,280
18.076,280
19.609,280
14.34,280
22.676,280
14.754,280
15.921,280
14.476,280
14.966,280
15.231,280
20.512,280
19.525,280
14.805,280
21.423,280
18.927,280
15.196,280
22.391,280
16.117,280
18.813,280
27.042,280
16.643,280
22.757,280
17.31,280
15.534,280
18.173,280
16.233,280
22.409,280
18.632,280
18.549,280
15.509,280
16.073,280
23.603,280
15.539,280
16.581,280
19.073,280
16.119,280
14.248,280
19.034,280
16.621,280
18.171,280
21.801,280
19.073,280
16.242,280
26.053,280
23.961,280
23.135,280
14.868,280
22.498,280
16.221,280
20.982,280
19.047,280
15.776,280
20.012,280
16.961,280
19.561,280
20.433,280
21.548,280
21.873,280
14.63,280
19.594,280
21.363,280
14.847,280
14.449,280
16.726,280
14.644,280
18.298,280
17.272,280
19.276,280
15.937,280
17.88,280
16.821,280
16.563,280
16.847,280
16.936,280
15.825,280
18.846,280
15.483,280
16.25,280
20.019,280
19.987,280
16.119,280
21.746,280
15.868,280
14.733,280
19.526,280
17.841,280
16.994,280
17.062,280
20.346,280
21.24,280
48.854,280
16.882,280
18.989,280
20.948,280
20.379,280
21.431,280
21.197,280
15.656,280
14.499,280
19.246,280
16.196,280
14.872,280
22.042,280
15.773,280
14.622,280
14.692,280
19.967,280
15.978,280
15.459,280
15.922,280
15.112,280
24.015,280
17.071,280
20.116,280
16.314,280
48.038,280
15.958,280
14.318,280
23.846,280
14.146,280
14.227,280
16.832,280
16.652,280
16.268,280
18.219,280
20.493,280
19.175,280
20.217,280
23.325,280
17.791,280
19.871,280
17.28,280
14.414,280
23.483,280
17.986,280
18.709,280
21.303,280
17.625,280
25.894,280
22.32,280
16.35,280
24.463,280
23.604,280
26.795,280
23.405,280
18.136,280
21.983,280
15.424,280
22.862,280
19.766,280
17.267,280
22.013,280
16.48,280
16.174,280
16.131,280
17.802,280
17.457,280
20.438,280
25.004,280
22.334,280
22.511,280
21.224,280
15.464,280
17.965,280
15.554,280
17.405,280
17.302,280
18.567,280
17.108,280
19.079,280
16.591,280
16.693,280
14.584,280
16.305,280
16.896,280
24.351,280
14.671,280
15.065,280
17.41,280
15.422,280
20.434,280
18.494,280
24.805,280
14.745,280
16.858,280
16.717,280
20.648,280
15.686,280
51.765,280
15.682,280
20.619,280
16.146,280
17.382,280
15.118,280
23.71,280
15.968,280
21.081,280
22.246,280
15.143,280
20.05,280
18.925,280
19.066,280
15.667,280
19.796,280
17.363,280
24.081,280
25.965,280
15.36,280
14.527,280
15.593,280
19.696,280
20.683,280
17.268,280
17.853,280
15.875,280
20.81,280
16.186,280
22.063,280
19.877,280
14.338,280
18.001,280
23.877,280
17.099,280
16.358,280
17.583,280
16.766,280
24.213,280
17.21,280
16.462,280
23.141,280
14.461,280
14.404,280
15.995,280
16.621,280
16.193,280
16.644,280
25.039,280
19.653,280
17.637,280
14.439,280
16.952,280
16.191,280
25.238,280
24.909,280
18.327,280
17.748,280
18.451,280
15.904,280
15.851,280
25.375,280
17.082,280
16.094,280
16.411,280
15.723,280
19.637,280
16.976,280
21.141,280
28.34,280
14.634,280
16.381,280
19.751,280
15.808,280
17.215,280
18.089,280
16.765,280
24.124,280
14.789,280
20.54,280
18.665,280
14.748,280
21.69,280
15.536,280
14.513,280
17.431,280
16.669,280
22.202,280
16.054,280
14.613,280
16.913,280
19.11,280
24.863,280
16.655,280
15.326,280
15.234,280
26.376,280
15.483,280
27.393,280
16.635,280
15.492,280
15.374,280
16.008,280
16.114,280
24.246,280
19.765,280
23.332,280
16.071,280
17.28,280
16.203,280
25.638,280
14.858,280
16.724,280
25.816,280
18.387,280
17.614,280
16.577,280
24.314,280
23.296,280
15.718,280
18.092,280
25.372,280
20.741,280
17.712,280
19.925,280
20.848,280
15.184,280
15.576,280
21.174,280
15.684,280
18.927,280
15.266,280
16.148,280
15.852,280
19.492,280
15.917,280
14.791,280
15.915,280
17.92,280
16.061,280
18.933,280
16.519,280
20.942,280
18.553,280
16.559,280
18.909,280
17.645,280
20.741,280
15.491,280
14.69,280
20.674,280
26.952,280
16.061,280
25.831,280
18.868,280
17.905,280
19.953,280
17.527,280
15.755,280
24.929,280
17.523,280
14.647,280
17.849,280
19.989,280
16.321,280
25.708,280
19.843,280
18.09,280
23.916,280
22.894,280
25.329,280
24.393,280
14.201,280
20.33,280
20.476,280
16.368,280
15.021,280
17.151,280
14.615,280
15.063,280
18.075,280
23.621,280
25.712,280
16.16,280
24.997,280
24.47,280
14.53,280
15.619,280
25.95,280
15.988,280
15.724,280
19.289,280
16.022,280
15.051,280
14.51,280
20.464,280
15.501,280
15.962,280
15.895,280
24.236,280
18.052,280
14.878,280
19.3,280
14.534,280
16.187,280
24.731,280
16.224,280
25.016,280
18.694,280
21.073,280
15.754,280
25.61,280
14.272,280
15.423,280
19.918,280
16.24,280
16.679,280
17.452,280
23.234,280
22.841,280
17.181,280
22.163,280
25.895,280
22.008,280
19.091,280
16.111,280
23.472,280
20.938,280
16.84,280
24.881,280
16.839,280
19.346,280
18.568,280
24.24,280
22.61,280
15.372,280
17.534,280
19.097,280
14.681,280
17.53,280
17.616,280
20.306,280
18.21,280
14.517,280
18.084,280
19.225,280
14.791,280
21.684,280
18.0,280
20.686,280
16.819,280
20.026,280
20.973,280
15.936,280
16.273,280
14.309,280
24.101,280
14.494,280
24.825,280
16.112,280
18.718,280
16.946,280
21.967,280
18.736,280
17.076,280
21.427,280
14.479,280
22.265,280
24.44,280
16.427,280
15.079,280
18.589,280
17.799,280
21.312,280
14.665,280
19.86,280
19.359,280
25.857,280
17.425,280
19.619,280
24.345,280
17.186,280
16.657,280
15.472,280
20.849,280
21.801,280
21.737,280
18.52,280
15.951,280
14.179,280
15.201,280
15.255,280
15.305,280
27.425,280
17.45,280
15.411,280
19.015,280
26.246,280
24.63,280
15.747,280
15.519,280
18.989,280
22.61,280
14.417,280
22.571,280
26.02,280
19.603,280
20.961,280
16.008,280
16.758,280
16.332,280
24.132,280
18.73,280
20.502,280
16.974,280
22.274,280
15.911,280
16.456,280
18.505,280
16.794,280
17.551,280
27.518,280
14.58,280
26.272,280
18.568,280
25.87,280
24.267,280
20.472,280
15.649,280
22.185,280
20.56,280
24.944,280
18.006,280
21.382,280
15.525,280
24.223,280
19.297,280
16.664,280
21.926,280
15.555,280
18.625,280
17.691,280
19.474,280
17.597,280
24.235,280
16.567,280
20.309,280
14.907,280
25.985,280
19.867,280
15.242,280
21.072,280
47.318,280
23.116,280
24.237,280
16.61,280
27.187,280
21.022,280
17.862,280
17.96,280
16.141,280
18.551,280
15.639,280
16.581,280
23.854,280
28.719,280
19.588,280
28.543,280
25.254,280
16.902,280
16.69,280
18.337,280
16.304,280
16.718,280
23.671,280
53.962,280
17.703,280
14.757,280
19.816,280
16.632,280
25.565,280
16.24,280
15.642,280
21.903,280
18.887,280
16.885,280
23.098,280
19.36,280
16.77,280
17.097,280
16.755,280
18.845,280
24.838,280
16.882,280
16.548,280
18.738,280
27.677,280
21.043,280
20.362,280
20.298,280
15.86,280
16.965,280
16.016,280
26.008,280
16.609,280
18.151,280
15.248,280
15.521,280
17.056,280
15.795,280
21.984,280
16.0,280
21.312,280
14.673,280
20.282,280
15.799,280
16.127,280
15.937,280
16.861,280
15.95,280
25.998,280
15.201,280
24.169,280
26.918,280
40.763,280
16.716,280
14.519,280
23.558,280
26.553,280
15.351,280
25.881,280
15.943,280
14.736,280
16.512,280
16.431,280
15.581,280
19.753,280
20.995,280
24.19,280
20.098,280
21.149,280
16.952,280
24.615,280
19.737,280
17.265,280
22.128,280
20.867,280
26.843,280
19.172,280
15.013,280
23.12,280
17.532,280
22.83,280
14.347,280
24.44,280
14.329,280
27.811,280
15.179,280
19.524,280
18.421,280
16.326,280
19.698,280
15.535,280
16.405,280
21.979,280
21.453,280
20.501,280
14.404,280
25.219,280
19.13,280
14.418,280
15.843,280
20.763,280
19.988,280
20.455,280
15.539,280
14.69,280
16.489,280
17.088,280
16.851,280
23.835,280
15.795,280
15.796,280
15.782,280
19.339,280
16.161,280
14.853,280
14.375,280
18.522,280
17.573,280
14.782,280
19.111,280
25.407,280
18.361,280
14.383,280
15.547,280
19.53,280
16.571,280
25.377,280
24.19,280
14.625,280
16.442,280
15.144,280
22.509,280
16.411,280
14.815,280
17.596,280
25.856,280
16.39,280
24.891,280
15.564,280
17.407,280
16.184,280
14.595,280
15.803,280
15.079,280
16.494,280
18.995,280
16.076,280
14.68,280
48.173,280
24.613,280
15.536,280
17.45,280
22.341,280
16.13,280
21.587,280
21.892,280
21.331,280
25.667,280
16.426,280
16.902,280
26.783,280
18.579,280
19.278,280
15.799,280
19.66,280
25.214,280
20.564,280
14.524,280
21.594,280
15.76,280
18.146,280
24.928,280
16.338,280
25.277,280
20.746,280
15.212,280
17.959,280
23.344,280
16.623,280
25.152,280
14.616,280
14.585,280
17.469,280
16.026,280
14.565,280
16.641,280
14.964,280
22.649,280
23.534,280
14.929,280
15.368,280
18.372,280
20.916,280
17.569,280
15.187,280
19.175,280
15.263,280
16.314,280
24.256,280
18.515,280
14.74,280
15.177,280
19.289,280
22.417,280
16.271,280
19.937,280
18.098,280
15.814,280
14.796,280
15.727,280
18.383,280
17.55,280
19.423,280
15.909,280
15.497,280
16.485,280
23.344,280
24.319,280
24.761,280
23.039,280
27.419,280
15.842,280
16.947,280
20.072,280
18.612,280
14.933,280
26.871,280
15.782,280
21.907,280
14.402,280
25.307,280
17.236,280
26.819,280
14.301,280
17.331,280
20.076,280
16.34,280
16.891,280
27.514,280
15.009,280
20.572,280
25.883,280
14.671,280
25.139,280
14.647,280
17.147,280
14.455,280
16.639,280
14.687,280
23.132,280
14.472,280
19.185,280
17.842,280
17.573,280
15.645,280
23.612,280
20.126,280
14.846,280
24.691,280
25.06,280
24.29,280
14.603,280
15.972,280
22.199,280
18.17,280
16.099,280
18.964,280
17.935,280
52.794,280
19.071,280
16.202,280
17.092,280
18.94,280
14.507,280
14.111,280
15.84,280
16.641,280
22.075,280
19.582,280
14.214,280
17.138,280
23.195,280
24.144,280
16.092,280
19.156,280
14.779,280
16.045,280
25.256,280
16.509,280
16.443,280
22.65,280
16.167,280
16.835,280
21.042,280
15.212,280
14.655,280
14.408,280
16.324,280
16.228,280
25.39,280
16.412,280
19.257,280
20.123,280
17.614,280
15.31,280
14.456,280
14.893,280
22.043,280
15.308,280
15.618,280
16.6,280
26.995,280
17.773,280
22.039,280
26.887,280
22.366,280
18.018,280
15.119,280
16.748,280
17.911,280
14.969,280
14.57,280
18.654,280
15.095,280
16.043,280
15.065,280
16.088,280
15.615,280
26.384,280
18.202,280
17.994,280
16.063,280
14.763,280
17.566,280
19.504,280
21.39,280
22.688,280
17.607,280
24.489,280
18.742,280
16.458,280
19.417,280
22.029,280
15.577,280
16.287,280
19.81,280
17.35,280
14.496,280
16.181,280
16.938,280
20.976,280
23.277,280
14.59,280
16.741,280
16.837,280
17.141,280
18.419,280
16.821,280
15.894,280
26.964,280
22.368,280
15.823,280
24.405,280
14.54,280
15.637,280
21.343,280
20.654,280
19.201,280
16.053,280
24.601,280
16.687,280
20.894,280
15.781,280
20.863,280
16.922,280
22.518,280
18.251,280
16.901,280
14.447,280
20.093,280
24.361,280
14.642,280
16.132,280
14.66,280
20.465,280
16.641,280
25.584,280
16.723,280
16.243,280
21.695,280
16.311,280
17.13,280
14.364,280
16.493,280
21.645,280
20.123,280
16.278,280
25.808,280
20.699,280
28.369,280
15.011,280
17.425,280
18.632,280
19.377,280
25.866,280
15.711,280
14.622,280
25.673,280
15.958,280
16.427,280
20.288,280
16.837,280
31.246,280
16.625,280
15.966,280
16.987,280
18.048,280
15.466,280
26.039,280
14.363,280
18.619,280
19.811,280
18.74,280
15.912,280
18.729,280
18.966,280
15.556,280
19.005,280
16.644,280
19.529,280
14.677,280
20.477,280
21.606,280
15.769,280
25.176,280
23.866,280
15.821,280
27.078,280
15.912,280
19.733,280
18.022,280
15.571,280
25.308,280
21.121,280
14.558,280
18.959,280
14.612,280
28.713,280
16.957,280
18.475,280
17.006,280
23.299,280
18.016,280
18.834,280
15.557,280
15.432,280
26.067,280
18.443,280
14.915,280
20.092,280
17.749,280
16.196,280
16.073,280
17.602,280
16.744,280
16.458,280
16.64,280
16.674,280
16.3,280
15.998,280
25.332,280
16.971,280
18.534,280
19.765,280
17.328,280
26.515,280
17.857,280
16.493,280
20.037,280
18.634,280
19.842,280
14.881,280
40.075,280
14.594,280
23.392,280
16.619,280
14.41,280
16.186,280
19.296,280
14.974,280
21.857,280
25.072,280
15.909,280
17.379,280
15.902,280
18.139,280
18.65,280
15.069,280
15.922,280
19.518,280
20.127,280
19.881,280
20.374,280
17.314,280
25.91,280
17.319,280
23.059,280
18.361,280
16.248,280
23.427,280
19.451,280
16.264,280
14.5,280
16.316,280
14.532,280
16.284,280
15.538,280
15.231,280
28.239,280
25.726,280
15.516,280
24.804,280
25.444,280
16.35,280
18.756,280
23.494,280
26.343,280
21.437,280
22.914,280
17.475,280
18.04,280
22.033,280
25.706,280
14.776,280
14.445,280
17.169,280
28.766,280
20.883,280
16.883,280
18.34,280
14.764,280
17.491,280
16.215,280
20.597,280
14.57,280
15.325,280
15.81,280
16.124,280
14.618,280
25.974,280
20.409,280
15.404,280
15.912,280
16.732,280
17.748,280
21.404,280
25.26,280
15.101,280
23.996,280
16.304,280
18.425,280
16.968,280
16.657,280
15.92,280
23.457,280
16.466,280
14.187,280
19.278,280
15.216,280
18.794,280
15.259,280
15.784,280
16.496,280
17.297,280
14.626,280
18.379,280
23.379,280
17.413,280
16.114,280
16.628,280
19.702,280
19.424,280
16.881,280
19.469,280
17.313,280
17.837,280
17.365,280
16.68,280
19.386,280
16.346,280
17.611,280
22.104,280
17.353,280
24.168,280
23.46,280
15.135,280
16.859,280
22.19,280
14.459,280
16.649,280
14.484,280
17.836,280
20.268,280
15.368,280
14.817,280
25.03,280
15.754,280
16.98,280
14.587,280
17.412,280
18.487,280
19.235,280
14.889,280
21.988,280
19.244,280
22.551,280
25.95,280
16.441,280
14.91,280
18.913,280
16.334,280
19.784,280
16.196,280
19.182,280
15.324,280
22.775,280
18.557,280
16.498,280
19.34,280
18.248,280
14.591,280
27.702,280
14.59,280
17.847,280
14.493,280
19.657,280
19.779,280
16.731,280
24.867,280
19.575,280
25.171,280
16.85,280
16.807,280
15.144,280
16.248,280
23.785,280
19.285,280
15.484,280
19.466,280
27.612,280
16.714,280
16.011,280
16.75,280
20.161,280
24.806,280
14.564,280
16.122,280
16.104,280
17.042,280
19.601,280
23.319,280
16.449,280
23.961,280
16.676,280
16.702,280
15.332,280
17.032,280
19.414,280
15.421,280
16.141,280
16.138,280
14.719,280
17.759,280
21.117,280
15.902,280
17.079,280
16.785,280
21.58,280
16.118,280
20.737,280
17.426,280
16.845,280
18.145,280
23.835,280
14.436,280
20.705,280
14.74,280
17.145,280
16.66,280
16.287,280
16.979,280
15.572,280
18.513,280
14.783,280
14.876,280
16.413,280
24.247,280
23.943,280
16.395,280
14.409,280
18.49,280
20.929,280
16.19,280
21.091,280
23.332,280
16.15,280
20.72,280
24.215,280
15.761,280
18.363,280
15.934,280
18.486,280
15.689,280
23.364,280
15.507,280
22.572,280
22.202,280
20.063,280
25.084,280
18.261,280
20.568,280
18.884,280
15.203,280
15.687,280
17.575,280
16.262,280
25.266,280
21.345,280
22.739,280
18.313,280
18.4,280
19.207,280
14.948,280
15.648,280
14.697,280
14.937,280
17.201,280
15.929,280
19.805,280
20.236,280
15.661,280
24.89,280
17.52,280
20.121,280
16.687,280
14.965,280
24.264,280
25.087,280
21.526,280
18.922,280
16.031,280
20.284,280
21.332,280
15.466,280
15.31,280
15.632,280
15.982,280
16.698,280
15.306,280
16.378,280
16.76,280
17.339,280
21.169,280
16.223,280
16.968,280
19.305,280
16.136,280
18.908,280
19.013,280
17.024,280
19.493,280
24.289,280
15.988,280
19.13,280
23.571,280
23.867,280
16.446,280
16.161,280
18.181,280
14.646,280
15.649,280
21.391,280
15.938,280
25.329,280
22.345,280
20.854,280
17.624,280
16.656,280
19.367,280
14.728,280
14.516,280
16.093,280
14.446,280
18.985,280
16.427,280
15.699,280
23.649,280
21.907,280
14.647,280
27.208,280
19.119,280
18.369,280
18.985,280
18.784,280
16.25,280
15.076,280
21.548,280
15.64,280
24.883,280
22.161,280
21.968,280
28.283,280
19.399,280
22.158,280
17.203,280
16.038,280
14.674,280
21.617,280
16.889,280
15.224,280
16.491,280
26.508,280
16.625,280
14.764,280
18.537,280
15.11,280
16.607,280
22.561,280
18.428,280
21.012,280
14.63,280
16.108,280
15.529,280
15.215,280
17.333,280
14.365,280
19.871,280
15.931,280
23.051,280
19.5,280
19.578,280
19.666,280
18.212,280
26.651,280
16.658,280
23.324,280
21.234,280
20.851,280
19.79,280
16.64,280
15.17,280
16.899,280
24.795,280
22.192,280
15.698,280
19.909,280
15.706,280
16.685,280
26.428,280
18.46,280
16.007,280
18.669,280
15.367,280
14.488,280
22.324,280
16.412,280
14.578,280
21.128,280
15.673,280
29.668,280
15.669,280
23.868,280
14.635,280
24.388,280
18.667,280
25.228,280
14.461,280
24.157,280
16.419,280
23.178,280
25.063,280
24.009,280
14.893,280
19.612,280
22.676,280
18.626,280
15.932,280
16.351,280
18.731,280
20.664,280
15.901,280
16.054,280
19.144,280
17.315,280
23.095,280
17.932,280
20.647,280
18.814,280
16.717,280
16.548,280
16.904,280
19.092,280
20.023,280
26.982,280
22.251,280
17.718,280
16.298,280
16.011,280
18.615,280
19.919,280
24.885,280
17.143,280
22.753,280
14.547,280
17.335,280
19.09,280
24.03,280
16.186,280
14.598,280
20.006,280
20.099,280
15.843,280
15.542,280
18.442,280
19.596,280
14.773,280
18.17,280
21.413,280
16.365,280
27.705,280
27.166,280
16.131,280
14.35,280
16.426,280
21.053,280
26.148,280
15.998,280
16.114,280
18.902,280
15.905,280
16.629,280
14.251,280
14.587,280
22.033,280
15.366,280
21.85,280
19.399,280
48.238,280
17.58,280
26.632,280
22.059,280
18.095,280
20.775,280
19.595,280
16.54,280
17.626,280
20.078,280
23.642,280
20.923,280
17.631,280
19.372,280
16.824,280
21.212,280
18.929,280
25.616,280
15.091,280
14.696,280
16.02,280
20.245,280
52.536,280
20.964,280
25.245,280
14.292,280
20.081,280
16.185,280
23.457,280
16.676,280
18.576,280
15.444,280
16.479,280
17.243,280
15.519,280
18.786,280
14.759,280
14.48,280
15.297,280
14.551,280
23.06,280
17.91,280
15.705,280
16.479,280
18.575,280
15.076,280
52.552,280
19.654,280
17.934,280
16.209,280
23.009,280
16.163,280
19.072,280
14.91,280
24.709,280
17.618,280
16.338,280
14.867,280
18.882,280
14.728,280
16.236,280
18.816,280
19.02,280
15.255,280
16.371,280
14.618,280
18.507,280
14.687,280
19.185,280
24.411,280
16.57,280
18.483,280
21.496,280
26.07,280
18.336,280
16.496,280
16.754,280
24.607,280
18.657,280
16.7,280
16.105,280
14.679,280
14.61,280
16.191,280
18.527,280
14.81,280
14.551,280
26.75,280
18.84,280
14.768,280
16.604,280
16.496,280
19.554,280
15.931,280
15.593,280
16.227,280
23.309,280
15.626,280
19.0,280
18.686,280
25.48,280
19.765,280
16.94,280
21.681,280
17.777,280
14.389,280
15.637,280
14.724,280
19.229,280
15.701,280
22.502,280
20.278,280
22.57,280
15.546,280
23.476,280
16.438,280
26.902,280
16.795,280
18.173,280
14.91,280
26.463,280
25.618,280
14.391,280
18.146,280
17.663,280
14.606,280
20.937,280
18.095,280
16.553,280
21.43,280
16.789,280
16.641,280
20.612,280
24.261,280
26.401,280
22.587,280
16.64,280
17.285,280
26.747,280
15.9,280
15.635,280
16.766,280
15.594,280
16.013,280
24.183,280
17.212,280
16.397,280
26.195,280
22.501,280
23.561,280
15.918,280
21.503,280
26.231,280
18.853,280
16.689,280
25.724,280
18.425,280
17.94,280
15.566,280
15.374,280
20.693,280
14.43,280
15.949,280
24.431,280
16.715,280
15.461,280
15.561,280
22.21,280
17.851,280
20.059,280
18.931,280
17.473,280
24.597,280
14.737,280
15.32,280
16.234,280
17.969,280
16.295,280
14.993,280
16.495,280
23.716,280
18.991,280
24.807,280
14.538,280
20.589,280
18.778,280
22.872,280
15.107,280
14.638,280
22.51,280
17.756,280
15.492,280
23.522,280
14.451,280
17.875,280
21.671,280
14.703,280
14.777,280
19.332,280
15.299,280
15.742,280
25.507,280
14.29,280
16.533,280
18.481,280
22.053,280
28.847,280
20.9,280
15.882,280
21.36,280
16.6,280
16.039,280
15.669,280
14.616,280
16.219,280
20.478,280
21.286,280
15.241,280
21.715,280
18.322,280
18.264,280
24.282,280
25.982,280
27.289,280
17.028,280
21.9,280
14.735,280
15.726,280
18.595,280
19.181,280
16.923,280
15.999,280
22.066,280
18.008,280
19.684,280
18.474,280
20.837,280
16.74,280
17.796,280
19.915,280
21.158,280
15.171,280
14.795,280
16.677,280
25.733,280
16.697,280
15.447,280
18.516,280
21.05,280
14.347,280
16.895,280
23.751,280
27.352,280
16.194,280
18.866,280
17.863,280
17.675,280
15.143,280
16.999,280
18.5,280
24.612,280
14.428,280
22.244,280
14.602,280
17.118,280
23.071,280
15.832,280
18.772,280
15.544,280
18.687,280
17.158,280
14.947,280
14.975,280
23.542,280
25.911,280
14.475,280
14.479,280
19.465,280
24.783,280
21.741,280
16.373,280
17.323,280
19.951,280
20.209,280
15.066,280
15.333,280
16.509,280
14.359,280
17.492,280
19.939,280
23.997,280
16.552,280
17.532,280
22.194,280
14.45,280
21.048,280
22.213,280
15.947,280
17.219,280
15.38,280
24.564,280
18.943,280
16.45,280
17.061,280
19.097,280
18.614,280
30.104,280
19.568,280
16.426,280
28.127,280
19.588,280
15.844,280
19.087,280
17.198,280
22.729,280
15.526,280
22.261,280
16.535,280
17.747,280
19.845,280
19.073,280
25.983,280
23.952,280
24.616,280
18.02,280
14.606,280
