7.15 18
3.75 6
4.45 8
6.7 2
6.6 1
7.0 20
6.4 3
7.6 9
6.2 2
7.4 23
6.0 5
8.15 1
5.75 6
0.45 1302
4.35 3
6.8 2
1.15 28
1.75 9
1.85 9
7.8 5
7.65 15
2.15 9
6.55 3
4.05 5
3.65 3
7.55 12
7.9 2
7.05 23
0.55 237
8.65 1
3.55 2
7.2 10
1.05 51
7.3 13
5.25 5
7.1 18
2.25 7
4.15 1
7.35 16
7.5 20
2.95 3
3.6 4
3.7 5
2.9 2
2.8 3
3.2 4
3.3 5
3.0 4
3.1 6
2.3 6
2.2 9
2.1 6
2.0 5
2.7 6
2.6 4
2.5 3
3.9 3
2.35 3
1.95 8
9.55 2
0.25 28178
0.95 39
3.35 3
6.9 8
6.95 15
7.85 5
4.85 5
8.45 1
7.25 16
3.05 3
4.65 5
3.95 6
0.35 13847
1.65 12
4.95 6
1.5 17
1.4 18
2.85 4
6.05 2
4.75 4
5.45 3
8.1 2
8.0 1
8.3 2
8.2 1
8.5 2
8.4 1
3.85 3
8.8 1
0.05 2
0.85 43
9.0 1
0.5 394
1.55 14
6.15 3
1.9 5
0.15 3913
8.25 2
5.15 3
2.45 6
6.85 9
2.65 8
3.4 5
3.5 2
1.45 16
0.9 46
0.8 54
1.6 18
1.7 11
1.0 47
1.1 45
1.2 52
1.3 29
0.1 2199
0.3 15857
0.2 6161
1.8 8
0.4 5652
0.7 90
0.6 138
5.05 3
5.55 5
0.65 63
4.55 1
7.7 7
2.55 2
4.5 4
4.4 3
4.7 6
5.3 2
5.4 5
4.0 2
4.3 4
4.2 6
5.8 4
5.9 2
4.9 3
4.8 5
6.25 2
3.8 1
2.4 5
1.35 13
3.45 3
5.1 2
5.65 2
8.85 1
4.6 1
7.45 13
0.75 80
4.1 4
5.95 2
4.25 2
8.75 1
5.6 4
5.7 3
5.85 4
7.75 4
2.05 5
3.15 2
1.25 41
