7.15 32
35.8 50
35.9 52
109.05 1
32.05 102
86.45 1
35.3 60
35.0 59
35.1 63
35.6 52
35.7 53
35.4 67
35.5 60
37.8 18
93.5 1
16.55 21
919.0 1
109.1 2
43.4 2
37.0 36
37.1 30
37.2 20
37.3 23
14.55 28
37.5 26
5.65 9
9.55 39
942.6 1
30.95 136
105.35 2
991.65 1
105.6 4
27.95 206
41.25 2
997.25 1
90.75 1
101.35 4
24.35 33
7.65 23
97.95 2
1057.15 1
28.45 194
913.95 1
27.75 199
103.65 1
106.15 3
89.05 1
100.5 3
561.95 1
45.0 2
94.35 1
18.25 23
923.35 1
99.8 1
102.0 4
107.25 1
18.55 16
15.75 37
92.1 1
92.0 1
8.65 30
92.4 3
61.55 1
990.25 1
100.45 3
50.05 1
105.4 3
19.75 12
26.75 150
40.65 6
173.7 1
97.8 1
17.35 33
8.95 31
105.85 1
94.85 2
27.05 182
41.95 1
874.25 1
932.8 1
36.35 37
33.55 111
912.55 1
104.8 2
108.15 3
90.1 1
103.35 1
7.5 27
90.4 1
43.55 2
104.6 2
98.35 3
10.45 49
34.75 56
23.45 7
96.9 3
104.7 3
96.7 1
96.6 1
96.5 1
96.4 4
7.8 27
96.1 2
21.45 7
110.55 1
7.9 22
94.9 2
894.65 1
105.05 2
94.5 1
94.4 1
94.6 2
892.25 1
94.0 2
94.3 2
97.7 2
19.05 14
972.8 1
37.6 29
111.15 1
980.35 1
109.75 1
11.65 43
37.55 22
138.65 1
1073.95 1
38.65 14
1086.85 1
6.75 38
12.45 47
107.45 2
39.35 9
11.85 47
35.55 51
22.05 6
836.15 1
190.85 1
918.95 1
979.7 1
20.05 19
31.85 109
23.35 5
43.25 3
46.65 1
943.45 1
96.75 3
29.45 152
78.55 1
19.6 14
984.8 1
110.9 1
27.0 186
694.0 1
57.1 1
52.85 1
135.05 1
41.8 3
57.8 1
106.7 1
782.45 1
13.85 38
24.05 21
98.15 4
9.15 35
321.3 1
7.55 22
28.95 193
1032.75 1
106.75 1
19.7 16
106.2 3
25.75 83
41.65 3
106.3 2
16.95 34
24.1 16
97.55 2
104.05 3
28.05 195
5.7 5
25.05 90
107.2 2
102.7 1
31.15 128
862.75 1
1071.9 1
30.55 125
37.4 19
961.35 1
104.75 1
631.75 1
114.9 1
108.95 4
13.35 35
101.75 4
24.75 74
42.65 1
877.75 1
18.15 17
15.35 48
41.9 3
28.75 191
19.1 12
41.6 3
786.45 1
41.4 4
27.35 188
41.2 3
41.1 4
41.0 6
648.65 1
24.95 79
9.85 33
43.8 1
108.1 2
5.15 1
43.5 2
101.85 6
43.7 2
43.6 1
43.1 2
43.0 1
32.75 92
161.85 1
5.9 6
31.05 133
103.8 3
944.5 1
16.05 30
36.75 31
33.95 98
100.05 2
853.25 1
853.7 1
111.65 3
101.3 4
801.1 1
105.45 4
44.2 1
36.95 39
23.85 16
108.05 2
26.95 170
21.85 6
774.1 1
45.9 1
15.45 39
8.35 46
845.5 1
845.9 1
89.35 3
876.75 1
14.15 38
10.05 40
5.0 2
5.1 2
5.2 5
5.3 7
5.4 9
5.5 7
5.6 11
37.15 31
5.8 9
13.2 35
44.65 1
18.85 22
841.7 1
10.95 36
95.1 3
33.25 96
119.85 1
47.0 1
94.75 1
100.75 2
19.45 20
1024.65 1
26.05 109
841.9 1
72.15 1
103.05 1
316.15 1
326.25 1
900.25 1
38.25 15
94.95 1
829.45 1
1110.6 1
21.35 8
107.75 2
42.05 2
99.15 2
35.15 54
939.85 1
1010.1 1
881.5 1
17.45 30
307.45 1
98.65 1
12.95 42
34.25 78
23.75 13
43.65 1
42.35 2
11.35 31
106.45 2
97.45 6
103.75 3
921.75 1
37.7 14
101.65 2
11.6 35
12.75 38
6.45 24
25.35 72
43.85 2
112.7 1
96.95 2
18.65 27
921.55 1
1017.5 1
112.8 1
15.25 35
1095.6 1
12.3 50
6.6 39
6.5 21
12.0 40
12.7 36
12.6 34
6.1 16
12.4 37
8.55 45
30.15 129
12.8 36
92.75 1
45.15 1
6.9 43
6.8 38
10.1 37
39.15 8
10.3 38
10.2 42
10.5 32
10.4 42
10.7 44
13.75 27
10.9 42
10.8 39
42.25 2
849.7 1
95.5 1
104.45 3
92.6 1
16.7 31
16.6 42
16.5 35
16.4 39
6.35 19
16.2 42
16.1 43
25.85 93
43.15 1
93.15 1
109.0 2
29.35 154
16.8 31
9.45 40
7.05 25
5.55 7
977.85 1
114.4 1
106.0 2
32.35 89
95.6 1
839.65 1
126.9 1
107.4 2
16.45 32
26.8 150
26.9 171
26.6 136
26.7 144
26.4 140
26.5 136
26.2 98
26.3 126
26.0 88
14.45 41
14.5 47
14.4 47
14.7 44
14.6 42
14.1 43
30.85 124
14.3 44
14.2 33
24.4 39
24.5 52
24.6 56
24.7 57
24.0 17
14.8 41
24.2 21
24.3 33
22.2 9
22.3 1
22.0 4
22.1 9
24.45 46
101.05 4
22.4 8
22.5 10
97.65 3
7.95 30
22.8 8
28.55 185
865.7 1
477.55 1
1139.9 1
27.65 213
37.45 22
39.9 2
849.2 1
915.5 1
47.55 2
17.05 23
802.75 1
109.95 3
18.45 23
15.05 38
973.25 1
8.75 38
16.35 41
36.25 31
33.65 100
20.3 16
20.4 9
20.5 14
20.6 12
20.7 9
19.85 17
10.6 48
26.45 142
40.75 5
102.75 2
290.15 1
907.45 1
43.3 1
112.45 1
105.95 3
41.85 2
20.15 12
49.2 1
98.55 1
21.75 4
109.25 3
99.55 3
11.05 26
107.05 4
22.85 11
911.1 1
106.35 2
103.45 1
980.9 1
727.9 1
98.25 4
10.75 39
34.65 63
443.1 1
115.45 1
780.05 1
21.3 7
45.75 1
89.9 1
36.45 41
19.15 21
6.7 23
500.5 1
819.6 1
11.75 48
37.65 17
31.95 97
708.0 1
38.55 20
867.9 1
107.55 3
111.45 2
357.7 1
12.35 35
6.05 13
11.95 32
35.25 71
22.15 6
104.9 3
112.3 1
40.05 4
14.0 39
9.35 37
108.2 3
108.3 2
108.0 4
23.25 2
108.6 1
108.7 2
96.65 1
785.5 1
929.65 1
29.75 155
7.35 23
96.0 1
39.55 3
133.5 1
112.4 2
106.05 2
47.75 1
12.9 38
20.85 17
99.9 3
107.65 1
41.45 3
99.5 1
99.6 3
99.7 1
99.0 1
34.5 70
99.2 3
99.3 1
29.95 148
16.85 32
875.95 1
90.2 1
13.95 27
150.7 1
24.15 15
9.05 34
101.15 2
7.45 33
32.25 129
28.8 181
28.9 158
104.5 3
974.8 1
28.0 192
28.1 210
28.2 199
28.3 171
28.4 171
28.5 165
28.6 187
28.7 164
22.65 12
101.45 2
77.95 1
97.25 3
28.15 199
105.25 4
31.65 131
118.4 1
6.3 30
99.1 2
18.9 18
18.8 24
104.4 2
110.2 1
970.6 1
98.75 1
18.1 24
18.0 22
18.3 21
18.2 21
18.5 20
18.4 16
13.05 31
18.6 21
32.65 105
30.9 111
30.8 157
110.95 1
18.05 29
30.3 161
30.2 163
30.1 138
30.0 164
30.7 135
30.6 130
30.5 135
27.25 174
38.3 10
38.2 19
38.1 18
38.0 22
38.7 11
38.6 8
14.35 47
38.4 16
5.05 2
9.75 38
38.9 15
38.8 12
81.6 1
862.7 1
105.55 1
101.1 2
793.2 1
313.4 1
959.8 1
16.75 35
36.65 27
104.2 8
914.4 1
101.25 1
293.0 1
291.2 1
40.3 7
662.2 1
167.3 1
976.1 1
92.55 1
93.6 2
10.35 29
14.85 33
46.0 2
1080.8 1
93.1 1
6.0 11
42.85 1
798.5 1
728.4 1
104.3 5
102.95 1
100.8 3
15.55 49
526.85 1
101.9 3
8.05 26
100.2 2
100.3 2
170.1 1
5.95 17
91.8 2
100.7 1
100.4 4
89.25 1
125.55 1
26.15 105
40.85 1
22.9 4
107.85 2
30.45 142
17.55 20
37.25 25
1010.0 1
32.95 99
44.75 1
1046.4 1
84.9 1
40.1 9
10.85 34
36.15 49
33.35 91
48.8 1
91.95 1
94.65 1
103.4 2
19.55 11
103.15 3
102.9 1
41.35 6
964.25 1
112.2 1
104.1 4
102.1 3
102.2 3
102.3 1
102.4 6
102.5 3
102.6 3
38.85 7
7.2 18
93.95 2
7.0 40
7.1 25
7.6 24
7.7 31
7.4 22
25.65 93
97.2 1
97.3 1
97.0 2
97.1 4
97.6 2
41.55 4
97.4 2
97.5 3
95.8 1
106.8 4
106.9 2
834.3 1
106.4 1
103.9 4
106.6 4
95.3 2
95.4 2
12.85 43
34.15 78
23.65 15
44.6 2
44.7 1
999.9 1
44.5 1
11.45 39
44.1 1
920.35 1
103.6 1
111.1 1
6.55 36
12.65 37
37.9 19
25.25 79
42.75 3
969.8 1
978.0 1
109.8 1
65.0 1
42.45 1
106.95 3
871.05 1
20.65 10
103.1 2
30.05 140
29.25 159
39.65 4
1047.0 1
130.2 1
12.2 41
13.45 37
35.75 35
22.25 6
12.1 34
38.15 12
6.4 33
107.15 1
1124.45 1
34.85 64
43.05 2
93.65 4
45.05 1
31.55 121
14.75 46
5.45 8
12.5 34
34.9 57
34.8 64
34.7 67
34.6 66
17.85 33
34.4 75
34.3 85
34.2 71
34.1 91
34.0 81
25.55 93
50.5 1
39.85 6
36.9 25
36.8 25
136.35 1
36.5 37
36.4 35
36.7 35
36.6 28
36.1 43
36.0 44
36.3 43
36.2 40
93.25 2
31.35 102
102.45 1
30.75 139
107.95 2
92.15 1
105.15 4
87.25 1
33.15 97
102.35 3
24.55 44
104.25 3
7.85 37
97.75 1
28.65 196
111.05 2
40.8 3
8.45 31
100.85 5
27.55 189
10.0 32
40.2 5
20.55 12
40.0 5
94.45 1
40.6 4
40.7 1
40.4 3
40.5 2
42.8 2
5.35 3
102.65 5
17.15 29
110.8 1
32.55 103
42.1 1
42.2 1
42.3 4
42.4 3
42.5 1
18.75 26
15.15 40
51.8 1
16.25 50
36.55 22
33.75 81
42.9 2
814.05 1
19.95 20
26.55 102
40.45 2
111.55 2
32.9 100
32.8 107
108.35 1
15.85 40
18.7 20
22.55 10
32.1 81
32.0 137
32.3 103
32.2 103
32.5 89
32.4 87
32.7 89
32.6 94
109.2 2
43.9 1
21.65 4
35.65 46
99.65 2
11.15 35
37.85 31
22.95 8
395.95 1
190.55 1
40.15 7
104.0 4
10.65 30
34.55 59
97.15 1
8.1 33
8.0 30
8.3 38
8.2 35
8.5 37
8.4 28
8.7 30
8.6 23
8.9 39
8.8 28
938.8 1
33.05 110
100.95 1
804.9 1
94.55 2
42.6 1
19.25 14
26.25 111
16.3 31
42.7 5
831.05 1
46.7 1
12.05 36
20.25 7
378.85 1
34.95 70
117.5 1
38.45 23
16.0 34
41.05 2
6.15 20
12.25 43
21.15 13
48.05 1
1053.3 1
99.35 1
35.35 55
100.25 4
30.4 127
95.85 1
896.4 1
98.45 2
6.85 35
23.15 12
43.45 1
21.25 4
293.2 1
29.65 151
100.55 3
95.75 1
106.25 4
105.8 2
16.9 26
20.95 7
584.8 1
39.45 9
19.4 11
19.5 16
37.95 16
29.85 152
19.0 11
38.5 19
19.2 20
19.3 20
1016.3 1
110.35 1
940.75 1
19.8 11
19.9 14
24.25 34
42.95 2
105.3 4
108.45 3
30.35 139
13.8 36
13.9 38
13.6 37
13.7 37
13.4 33
13.5 26
25.15 78
13.3 30
13.0 42
13.1 38
99.85 3
13.15 59
35.85 51
22.75 7
11.8 52
11.9 37
101.55 4
97.35 2
11.4 43
11.5 35
28.25 172
11.7 39
11.0 37
11.1 41
11.2 40
31.75 113
17.2 31
17.3 39
17.0 42
17.1 32
17.6 29
17.7 25
17.4 21
17.5 25
29.15 177
17.8 22
17.9 31
812.6 1
812.7 1
812.5 1
107.9 1
514.55 1
32.15 125
1130.55 1
18.35 12
105.75 3
8.85 30
6.2 20
45.65 2
991.6 1
14.25 30
9.65 37
935.35 1
5.75 4
102.25 6
15.0 37
15.1 51
15.2 37
15.3 39
15.4 37
15.5 47
15.6 47
15.7 33
15.8 42
15.9 40
16.65 35
5.85 3
97.85 3
7.75 26
107.0 1
875.3 1
946.4 1
109.55 1
104.95 2
848.8 1
10.25 45
885.05 1
94.05 1
933.75 1
628.65 1
44.45 1
818.3 1
15.65 36
48.5 1
8.15 39
50.6 1
785.45 1
97.9 2
19.65 17
26.65 144
850.1 1
98.0 1
21.55 4
133.65 1
102.55 7
17.25 18
37.35 31
32.85 113
14.95 47
27.15 178
98.2 2
106.5 2
941.2 1
976.0 1
985.05 1
36.05 44
33.45 91
241.9 1
121.2 1
31.25 127
116.25 1
103.25 9
103.55 5
40.9 2
106.55 4
10.55 39
34.05 90
23.55 7
63.65 1
108.85 1
24.8 72
1016.6 1
104.35 1
24.9 71
110.45 1
114.8 1
1026.2 1
390.8 1
38.95 10
104.65 2
39.25 5
979.35 1
777.7 1
11.55 32
103.95 5
820.15 1
26.1 90
42.0 3
713.2 1
106.65 2
38.75 17
113.3 1
12.55 32
6.65 30
875.7 1
14.9 48
985.3 1
27.85 208
106.85 3
101.95 2
36.85 26
41.75 2
41.15 4
20.75 9
882.15 1
116.0 1
868.75 1
96.05 1
29.55 149
113.05 2
109.9 2
39.75 15
109.7 1
109.6 4
1150.65 1
109.3 2
13.55 44
35.45 59
22.35 10
109.65 1
38.05 16
22.6 8
943.6 1
875.9 1
857.05 1
43.35 2
22.7 5
17.65 36
803.05 1
14.65 31
9.25 38
37.75 19
7.25 23
46.8 1
104.85 3
116.65 1
28.85 168
17.95 20
27.3 215
27.2 162
27.1 178
25.45 69
27.7 204
27.6 196
27.5 187
27.4 199
858.4 1
35.2 53
27.9 204
27.8 201
21.1 4
100.9 1
952.05 1
25.1 92
25.0 80
25.3 79
25.2 91
25.5 84
25.4 79
25.7 97
25.6 63
25.9 104
25.8 67
30.65 117
165.7 1
23.7 6
23.6 10
23.5 9
23.4 8
23.3 5
23.2 8
23.1 6
23.0 11
13.25 37
115.9 1
24.65 56
42.55 3
104.15 1
23.9 12
23.8 7
33.4 97
33.5 80
33.6 86
33.7 86
33.0 101
33.1 91
33.2 93
33.3 87
27.45 208
440.15 1
960.95 1
33.8 81
33.9 88
24.85 64
40.55 5
5.25 6
9.95 24
39.8 4
102.15 4
39.6 5
39.7 3
39.4 10
32.45 110
39.2 8
39.3 9
39.0 5
39.1 12
21.5 9
21.4 8
21.7 5
21.6 5
7.3 23
21.0 11
16.15 46
21.2 9
33.85 108
100.6 3
1041.5 1
21.9 6
21.8 7
91.9 1
280.5 1
490.25 1
9.8 44
9.9 37
15.95 43
9.4 33
9.5 38
9.6 45
9.7 34
9.0 38
9.1 37
9.2 39
9.3 23
101.7 2
101.5 2
101.4 4
263.85 1
101.2 4
26.85 146
101.0 2
21.95 8
870.7 1
11.25 42
101.8 4
103.5 3
8.25 41
103.7 3
105.65 2
848.35 2
103.0 4
103.3 4
103.2 2
10.15 24
34.45 87
23.95 16
111.35 1
17.75 22
37.05 34
102.8 3
39.5 8
18.95 19
110.05 4
31.6 123
31.7 124
31.4 123
31.5 124
31.2 114
31.3 128
31.0 108
31.1 129
19.35 13
940.85 1
26.35 111
102.85 3
119.6 1
31.8 111
31.9 100
106.1 2
20.35 14
38.35 18
1035.1 1
105.9 4
21.05 7
1007.5 2
99.05 2
105.2 6
35.05 66
105.7 1
805.15 1
105.5 4
95.95 1
1028.95 1
107.8 2
898.95 1
926.35 1
105.1 3
6.95 29
111.5 1
34.35 60
23.05 7
107.3 1
110.85 1
107.5 1
4.8 1
107.7 4
107.6 2
100.0 1
41.7 2
6.25 25
95.05 2
98.4 3
880.9 1
98.6 3
41.3 2
111.0 1
1023.15 1
41.5 3
950.25 1
43.95 1
20.0 10
808.4 1
823.65 1
111.2 1
838.25 1
20.1 14
39.95 9
111.3 2
20.2 11
100.1 2
916.85 1
20.45 7
100.65 1
31.45 110
29.9 148
29.8 156
30.25 130
29.5 161
29.4 163
29.7 169
29.6 150
29.1 166
29.0 171
29.3 166
29.2 168
923.65 1
851.55 1
788.15 1
13.65 31
35.95 46
22.45 10
42.15 1
104.55 1
97.05 3
100.35 3
28.35 178
111.4 1
20.8 12
12.15 39
14.05 43
25.95 94
11.3 46
93.05 2
20.9 11
96.35 1
40.25 5
29.05 170
111.9 1
39.05 8
