82.05 3
77.45 7
74.05 1
85.85 1
82.45 1
79.15 1
70.85 3
76.35 2
80.85 3
73.85 2
84.5 3
84.0 1
89.05 1
80.3 3
73.45 3
74.2 3
73.95 2
74.0 3
74.7 4
74.6 7
74.5 3
74.4 3
74.9 5
74.8 4
76.1 3
76.0 2
76.3 3
71.75 2
76.5 4
76.4 5
76.7 3
76.6 5
84.65 3
76.8 5
74.95 2
86.95 3
67.75 1
69.85 2
69.9 1
69.8 1
80.05 3
77.55 3
69.0 1
69.3 1
69.2 1
69.5 1
69.4 1
69.7 1
82.55 2
74.75 4
77.95 2
76.25 4
73.9 1
73.55 4
78.75 1
83.65 2
72.25 4
63.4 1
65.55 1
82.6 1
73.25 1
72.35 1
265.85 1
83.55 1
81.95 2
88.65 1
65.0 1
75.75 5
83.95 1
74.85 4
79.45 2
66.3 1
66.1 1
78.9 4
83.8 2
88.2 2
77.65 5
82.3 2
82.8 1
70.5 1
94.65 1
78.7 3
79.8 1
74.65 3
83.05 3
79.2 4
79.3 4
79.0 2
79.1 2
79.6 3
79.7 1
79.5 1
76.55 4
79.55 1
80.45 3
73.65 1
78.65 8
78.3 1
76.85 4
72.55 2
81.05 3
83.25 1
73.0 3
76.2 5
73.2 3
73.3 1
73.4 1
73.5 3
73.6 1
73.7 4
73.8 2
71.55 2
75.45 4
70.65 2
74.3 1
68.25 1
88.55 1
78.05 3
75.25 5
83.5 1
62.35 1
74.1 1
82.85 1
83.7 1
85.8 2
81.8 1
83.35 1
68.55 1
85.5 1
84.55 2
415.15 1
76.45 3
79.25 1
80.55 2
59.7 1
73.75 3
78.55 3
62.5 1
72.45 2
89.6 1
82.65 3
260.55 1
59.95 1
88.45 1
75.55 5
80.6 2
80.4 3
80.5 4
80.2 3
74.55 3
80.0 4
80.1 2
75.35 1
80.8 1
80.9 1
82.4 1
82.5 3
72.75 1
82.7 4
82.0 3
82.2 3
78.8 4
77.05 2
74.45 1
78.5 5
78.4 2
86.85 1
82.9 5
78.1 3
78.0 6
77.85 6
80.25 3
84.25 1
93.55 1
76.75 1
79.35 3
85.55 1
69.45 1
73.05 1
78.45 2
72.5 3
72.4 7
72.7 5
72.6 3
82.75 2
72.3 1
72.2 4
75.65 3
75.2 1
72.9 3
73.1 4
71.35 2
71.2 2
71.3 1
71.6 2
71.7 2
71.5 1
71.9 2
65.2 1
75.05 3
76.9 3
84.9 1
79.9 2
72.65 3
75.85 4
70.05 2
84.2 3
71.85 2
77.15 6
74.35 2
84.7 2
63.25 1
71.05 2
79.75 3
69.65 1
86.0 1
80.65 2
79.05 8
81.9 1
69.75 1
73.15 3
79.85 3
80.35 2
86.05 1
78.2 2
61.6 1
78.35 3
86.75 1
81.55 1
76.95 3
82.25 2
68.45 1
84.15 1
68.5 2
83.9 1
68.7 1
68.0 1
83.75 1
81.2 3
72.95 1
75.95 2
79.95 1
81.0 1
81.7 3
71.95 1
81.5 2
81.4 1
81.45 3
75.8 5
75.9 5
75.6 3
68.8 1
75.4 1
75.5 1
76.15 2
75.3 3
75.0 6
75.1 1
267.4 1
84.85 1
77.8 3
77.9 5
67.15 1
77.4 1
77.5 5
77.6 5
77.7 5
77.0 1
77.1 7
77.2 4
77.3 5
70.7 1
77.35 5
74.15 3
88.35 1
70.3 1
81.3 2
77.25 4
70.0 1
82.35 1
82.95 1
70.9 1
70.8 1
80.95 2
87.85 1
73.35 2
67.05 1
85.7 1
84.35 3
72.85 1
78.25 2
85.0 1
64.45 1
72.05 1
81.35 2
65.35 1
90.45 1
87.0 1
70.95 1
76.05 2
71.65 1
75.15 7
78.6 2
64.4 1
84.95 1
75.7 2
79.65 3
80.15 2
69.95 1
84.05 1
78.15 2
76.65 2
