75.5 3
77.45 5
74.05 2
80.7 2
151.95 1
82.45 4
75.3 3
82.75 1
70.85 1
76.35 2
83.1 1
80.85 1
80.2 2
80.3 6
74.3 2
78.05 7
74.1 4
74.0 8
74.7 2
74.6 6
74.5 7
74.4 3
84.6 1
74.9 2
74.8 6
79.85 2
63.2 1
76.1 4
76.0 8
76.3 6
76.2 6
76.5 7
76.4 5
76.7 2
76.6 7
76.9 2
76.8 4
74.95 3
84.5 2
67.75 1
79.95 2
89.05 1
73.25 1
88.7 1
69.0 2
69.3 1
69.2 1
69.5 2
69.4 2
83.75 2
69.6 3
74.75 7
85.35 1
63.65 1
76.25 6
66.8 1
73.9 4
188.65 1
69.35 2
92.6 1
85.05 1
73.55 3
78.75 5
83.65 2
72.25 6
81.15 3
72.35 1
84.75 1
82.6 2
88.0 1
88.1 1
65.5 1
81.95 2
83.8 1
71.45 1
75.75 6
77.3 1
65.9 1
74.85 8
79.45 2
80.75 2
79.7 1
86.3 1
82.2 1
66.5 1
62.25 2
77.65 7
82.3 2
60.75 1
90.7 1
86.5 1
78.7 3
79.8 6
79.9 2
74.45 2
79.2 2
79.3 2
79.0 6
79.1 2
79.6 1
69.25 1
79.4 2
79.5 1
76.55 4
79.55 5
80.45 1
61.45 1
74.65 3
73.65 4
78.65 3
82.8 1
72.55 1
81.05 3
83.25 2
73.0 3
73.1 1
73.2 2
73.3 4
73.4 1
81.85 2
73.6 4
78.85 6
73.8 4
71.55 2
75.45 6
89.85 1
83.85 1
69.65 1
73.45 3
74.2 1
75.25 4
77.15 4
77.75 2
73.7 1
85.4 1
74.55 7
84.25 1
83.35 1
82.95 2
76.45 5
79.25 5
59.5 1
70.75 2
62.4 1
81.25 6
72.45 4
82.85 1
82.65 1
73.5 1
68.85 1
69.15 1
75.55 6
66.35 1
80.6 1
67.6 2
80.4 3
80.5 2
73.85 9
67.2 2
68.25 2
80.1 2
75.35 2
80.8 1
80.9 4
82.4 2
82.5 2
72.75 4
82.7 1
82.0 1
65.65 1
78.9 4
78.8 6
77.05 8
78.6 4
66.85 1
78.4 3
78.3 2
78.2 7
78.1 3
78.0 7
77.85 4
80.25 2
72.85 7
82.9 1
82.25 3
76.75 6
79.35 5
85.55 1
69.45 1
73.05 2
78.45 1
72.5 2
72.4 1
72.7 4
71.75 2
72.1 2
72.0 5
72.3 2
72.2 4
75.65 3
81.65 1
72.9 1
72.8 6
71.35 4
71.2 2
71.3 1
71.0 1
71.1 3
71.6 5
71.7 1
71.5 1
71.8 5
75.05 5
81.2 1
84.8 1
75.85 3
125.5 1
84.2 1
62.95 1
71.85 1
84.1 2
74.35 4
70.5 1
67.45 1
86.8 1
86.9 1
71.05 1
77.95 7
84.35 2
86.0 2
76.65 5
79.05 3
137.05 1
81.9 1
86.6 1
70.35 1
80.0 3
80.35 1
61.4 1
73.75 3
78.35 4
72.6 1
87.8 1
124.55 1
78.55 3
81.55 2
80.65 3
76.95 7
78.95 3
87.15 1
83.05 3
79.75 1
68.5 1
68.6 1
81.8 1
68.0 1
68.1 2
68.2 1
68.3 1
81.3 3
75.95 5
81.1 2
81.0 4
81.7 2
71.95 2
77.25 8
74.25 6
72.15 3
81.45 1
65.85 1
71.15 2
75.8 3
75.9 4
75.6 7
75.7 6
75.4 3
73.95 1
75.2 6
79.15 3
75.0 6
75.1 7
70.25 1
77.8 6
77.9 8
80.05 1
77.4 2
77.5 4
77.6 1
78.25 3
77.0 2
77.1 3
77.2 5
128.95 1
70.7 1
70.6 1
74.15 8
70.4 1
70.3 1
85.95 1
76.85 9
81.6 2
83.0 2
83.3 2
85.0 1
83.5 1
83.4 1
83.6 1
81.75 2
128.05 1
73.35 1
85.9 1
85.8 3
85.75 1
85.5 2
82.55 4
85.2 1
81.4 2
132.85 1
81.35 2
78.5 3
81.5 2
87.5 1
87.4 1
130.4 1
77.55 2
70.95 1
87.2 1
71.65 4
75.15 4
77.35 1
66.75 1
84.95 1
70.15 2
79.65 3
80.15 2
86.25 1
84.05 1
78.15 1
